     1 1.00000E+00  1.00000E+00  1.00000E+00  1.00000E+00
     2 1.00605E+00  9.99758E-01  9.95482E-01  1.00009E+00
     3 1.01234E+00  9.99518E-01  9.91461E-01  1.00032E+00
     4 1.01886E+00  9.99280E-01  9.87884E-01  1.00070E+00
     5 1.02560E+00  9.99044E-01  9.84705E-01  1.00120E+00
     6 1.03254E+00  9.98809E-01  9.81882E-01  1.00181E+00
     7 1.03969E+00  9.98576E-01  9.79378E-01  1.00251E+00
     8 1.04702E+00  9.98345E-01  9.77158E-01  1.00330E+00
     9 1.05454E+00  9.98116E-01  9.75194E-01  1.00417E+00
    10 1.06224E+00  9.97903E-01  9.73455E-01  1.00510E+00
    11 1.07010E+00  9.97677E-01  9.71922E-01  1.00609E+00
    12 1.07812E+00  9.97453E-01  9.70571E-01  1.00714E+00
    13 1.08629E+00  9.97230E-01  9.69383E-01  1.00824E+00
    14 1.09461E+00  9.97025E-01  9.68337E-01  1.00937E+00
    15 1.10307E+00  9.96819E-01  9.67422E-01  1.01054E+00
    16 1.11166E+00  9.96602E-01  9.66625E-01  1.01175E+00
    17 1.12038E+00  9.96385E-01  9.65931E-01  1.01298E+00
    18 1.12923E+00  9.96176E-01  9.65328E-01  1.01424E+00
    19 1.13820E+00  9.95963E-01  9.64809E-01  1.01551E+00
    20 1.14728E+00  9.95752E-01  9.64363E-01  1.01681E+00
    21 1.15646E+00  9.95542E-01  9.63983E-01  1.01812E+00
    22 1.16576E+00  9.95333E-01  9.63661E-01  1.01944E+00
    23 1.17515E+00  9.95126E-01  9.63391E-01  1.02077E+00
    24 1.18464E+00  9.94927E-01  9.63165E-01  1.02212E+00
    25 1.19422E+00  9.94723E-01  9.62983E-01  1.02346E+00
    26 1.20389E+00  9.94520E-01  9.62836E-01  1.02482E+00
    27 1.21365E+00  9.94319E-01  9.62722E-01  1.02617E+00
    28 1.22349E+00  9.94130E-01  9.62634E-01  1.02753E+00
    29 1.23341E+00  9.93932E-01  9.62574E-01  1.02889E+00
    30 1.24340E+00  9.93735E-01  9.62536E-01  1.03025E+00
    31 1.25346E+00  9.93544E-01  9.62517E-01  1.03161E+00
    32 1.26360E+00  9.93349E-01  9.62516E-01  1.03297E+00
    33 1.27380E+00  9.93168E-01  9.62527E-01  1.03432E+00
    34 1.28406E+00  9.92987E-01  9.62551E-01  1.03568E+00
    35 1.29439E+00  9.92797E-01  9.62589E-01  1.03702E+00
    36 1.30477E+00  9.92608E-01  9.62638E-01  1.03837E+00
    37 1.31522E+00  9.92420E-01  9.62694E-01  1.03970E+00
    38 1.32571E+00  9.92233E-01  9.62757E-01  1.04103E+00
    39 1.33626E+00  9.92047E-01  9.62827E-01  1.04236E+00
    40 1.34686E+00  9.91863E-01  9.62901E-01  1.04368E+00
    41 1.35750E+00  9.91697E-01  9.62977E-01  1.04499E+00
    42 1.36819E+00  9.91515E-01  9.63059E-01  1.04630E+00
    43 1.37892E+00  9.91334E-01  9.63143E-01  1.04760E+00
    44 1.38970E+00  9.91155E-01  9.63229E-01  1.04889E+00
    45 1.40051E+00  9.90991E-01  9.63303E-01  1.05017E+00
    46 1.41136E+00  9.90827E-01  9.63388E-01  1.05145E+00
    47 1.42225E+00  9.90651E-01  9.63476E-01  1.05272E+00
    48 1.43318E+00  9.90475E-01  9.63564E-01  1.05398E+00
    49 1.44414E+00  9.90314E-01  9.63649E-01  1.05523E+00
    50 1.45513E+00  9.90140E-01  9.63736E-01  1.05648E+00
    51 1.46616E+00  9.89979E-01  9.63818E-01  1.05771E+00
    52 1.47709E+00  9.89844E-01  9.63892E-01  1.05917E+00
    53 1.48817E+00  9.89673E-01  9.63974E-01  1.06039E+00
    54 1.49928E+00  9.89503E-01  9.64054E-01  1.06160E+00
    55 1.51041E+00  9.89334E-01  9.64133E-01  1.06280E+00
    56 1.52156E+00  9.89177E-01  9.64206E-01  1.06399E+00
    57 1.53274E+00  9.89010E-01  9.64279E-01  1.06517E+00
    58 1.54394E+00  9.88861E-01  9.64347E-01  1.06635E+00
    59 1.55516E+00  9.88695E-01  9.64416E-01  1.06752E+00
    60 1.56640E+00  9.88531E-01  9.64482E-01  1.06868E+00
    61 1.57754E+00  9.88370E-01  9.64529E-01  1.06984E+00
    62 1.58881E+00  9.88208E-01  9.64590E-01  1.07099E+00
    63 1.60010E+00  9.88046E-01  9.64647E-01  1.07212E+00
    64 1.61141E+00  9.87902E-01  9.64698E-01  1.07325E+00
    65 1.62273E+00  9.87742E-01  9.64750E-01  1.07437E+00
    66 1.63407E+00  9.87582E-01  9.64799E-01  1.07548E+00
    67 1.64542E+00  9.87424E-01  9.64845E-01  1.07658E+00
    68 1.65678E+00  9.87266E-01  9.64887E-01  1.07767E+00
    69 1.66815E+00  9.87116E-01  9.64897E-01  1.07876E+00
    70 1.67954E+00  9.86960E-01  9.64934E-01  1.07984E+00
    71 1.69093E+00  9.86804E-01  9.64967E-01  1.08091E+00
    72 1.70233E+00  9.86650E-01  9.64998E-01  1.08198E+00
    73 1.71375E+00  9.86496E-01  9.65026E-01  1.08303E+00
    74 1.72517E+00  9.86357E-01  9.65048E-01  1.08408E+00
    75 1.73660E+00  9.86204E-01  9.65069E-01  1.08512E+00
    76 1.74804E+00  9.86053E-01  9.65088E-01  1.08616E+00
    77 1.75948E+00  9.85901E-01  9.65105E-01  1.08719E+00
    78 1.77093E+00  9.85751E-01  9.65118E-01  1.08821E+00
    79 1.78238E+00  9.85601E-01  9.65128E-01  1.08922E+00
    80 1.79384E+00  9.85465E-01  9.65132E-01  1.09023E+00
    81 1.80530E+00  9.85322E-01  9.65136E-01  1.09123E+00
    82 1.81677E+00  9.85174E-01  9.65138E-01  1.09222E+00
    83 1.82824E+00  9.85045E-01  9.65132E-01  1.09321E+00
    84 1.83972E+00  9.84898E-01  9.65129E-01  1.09419E+00
    85 1.85119E+00  9.84752E-01  9.65123E-01  1.09516E+00
    86 1.86267E+00  9.84617E-01  9.65111E-01  1.09613E+00
    87 1.87415E+00  9.84472E-01  9.65100E-01  1.09709E+00
    88 1.88563E+00  9.84327E-01  9.65086E-01  1.09805E+00
    89 1.89711E+00  9.84184E-01  9.65069E-01  1.09900E+00
    90 1.90859E+00  9.84040E-01  9.65050E-01  1.09994E+00
    91 1.92008E+00  9.83898E-01  9.65029E-01  1.10088E+00
    92 1.93156E+00  9.83755E-01  9.65006E-01  1.10181E+00
    93 1.94304E+00  9.83614E-01  9.64979E-01  1.10273E+00
    94 1.95452E+00  9.83473E-01  9.64951E-01  1.10365E+00
    95 1.96599E+00  9.83354E-01  9.64915E-01  1.10456E+00
    96 1.97747E+00  9.83214E-01  9.64882E-01  1.10547E+00
    97 1.98895E+00  9.83075E-01  9.64847E-01  1.10638E+00
    98 2.00042E+00  9.82936E-01  9.64810E-01  1.10727E+00
    99 2.01189E+00  9.82797E-01  9.64771E-01  1.10816E+00
   100 2.02336E+00  9.82659E-01  9.64729E-01  1.10905E+00
   101 2.03482E+00  9.82522E-01  9.64686E-01  1.10993E+00
   102 2.04629E+00  9.82385E-01  9.64640E-01  1.11081E+00
   103 2.05774E+00  9.82248E-01  9.64593E-01  1.11168E+00
   104 2.06920E+00  9.82112E-01  9.64543E-01  1.11254E+00
   105 2.08065E+00  9.81977E-01  9.64492E-01  1.11340E+00
   106 2.09210E+00  9.81841E-01  9.64439E-01  1.11426E+00
   107 2.10354E+00  9.81707E-01  9.64384E-01  1.11511E+00
   108 2.11498E+00  9.81573E-01  9.64327E-01  1.11596E+00
   109 2.12641E+00  9.81439E-01  9.64268E-01  1.11680E+00
   110 2.13783E+00  9.81323E-01  9.64204E-01  1.11763E+00
   111 2.14926E+00  9.81190E-01  9.64142E-01  1.11847E+00
   112 2.16067E+00  9.81057E-01  9.64079E-01  1.11929E+00
   113 2.17208E+00  9.80947E-01  9.64009E-01  1.12012E+00
   114 2.18349E+00  9.80815E-01  9.63943E-01  1.12094E+00
   115 2.19489E+00  9.80684E-01  9.63874E-01  1.12175E+00
   116 2.20628E+00  9.80553E-01  9.63805E-01  1.12256E+00
   117 2.21767E+00  9.80423E-01  9.63733E-01  1.12336E+00
   118 2.22905E+00  9.80293E-01  9.63660E-01  1.12417E+00
   119 2.24043E+00  9.80163E-01  9.63586E-01  1.12496E+00
   120 2.25179E+00  9.80034E-01  9.63511E-01  1.12576E+00
   121 2.26315E+00  9.79919E-01  9.63430E-01  1.12654E+00
   122 2.27450E+00  9.79813E-01  9.63336E-01  1.12733E+00
   123 2.28583E+00  9.79708E-01  9.63246E-01  1.12811E+00
   124 2.29717E+00  9.79580E-01  9.63166E-01  1.12889E+00
   125 2.30851E+00  9.79452E-01  9.63083E-01  1.12966E+00
   126 2.31984E+00  9.79325E-01  9.63000E-01  1.13043E+00
   127 2.33116E+00  9.79199E-01  9.62916E-01  1.13120E+00
   128 2.34247E+00  9.79072E-01  9.62830E-01  1.13196E+00
   129 2.35376E+00  9.78951E-01  9.62744E-01  1.13272E+00
   130 2.36506E+00  9.78825E-01  9.62656E-01  1.13347E+00
   131 2.37635E+00  9.78700E-01  9.62567E-01  1.13422E+00
   132 2.38763E+00  9.78575E-01  9.62476E-01  1.13497E+00
   133 2.39890E+00  9.78450E-01  9.62385E-01  1.13571E+00
   134 2.41017E+00  9.78346E-01  9.62289E-01  1.13645E+00
   135 2.42142E+00  9.78222E-01  9.62196E-01  1.13719E+00
   136 2.43267E+00  9.78099E-01  9.62101E-01  1.13792E+00
   137 2.44391E+00  9.77976E-01  9.62006E-01  1.13865E+00
   138 2.45526E+00  9.77873E-01  9.61907E-01  1.13955E+00
   139 2.46649E+00  9.77750E-01  9.61810E-01  1.14027E+00
   140 2.47771E+00  9.77628E-01  9.61712E-01  1.14099E+00
   141 2.48891E+00  9.77506E-01  9.61614E-01  1.14170E+00
   142 2.50011E+00  9.77385E-01  9.61514E-01  1.14241E+00
   143 2.51130E+00  9.77263E-01  9.61414E-01  1.14312E+00
   144 2.52248E+00  9.77143E-01  9.61313E-01  1.14382E+00
   145 2.53366E+00  9.77022E-01  9.61211E-01  1.14453E+00
   146 2.54482E+00  9.76902E-01  9.61108E-01  1.14523E+00
   147 2.55598E+00  9.76782E-01  9.61005E-01  1.14592E+00
   148 2.56712E+00  9.76663E-01  9.60901E-01  1.14661E+00
   149 2.57826E+00  9.76543E-01  9.60796E-01  1.14730E+00
   150 2.58939E+00  9.76424E-01  9.60690E-01  1.14799E+00
   151 2.60051E+00  9.76306E-01  9.60584E-01  1.14867E+00
   152 2.61162E+00  9.76188E-01  9.60477E-01  1.14935E+00
   153 2.62272E+00  9.76070E-01  9.60370E-01  1.15003E+00
   154 2.63381E+00  9.75952E-01  9.60262E-01  1.15071E+00
   155 2.64489E+00  9.75854E-01  9.60148E-01  1.15138E+00
   156 2.65596E+00  9.75741E-01  9.60039E-01  1.15205E+00
   157 2.66702E+00  9.75624E-01  9.59929E-01  1.15272E+00
   158 2.67808E+00  9.75508E-01  9.59819E-01  1.15338E+00
   159 2.68912E+00  9.75391E-01  9.59708E-01  1.15404E+00
   160 2.70016E+00  9.75275E-01  9.59596E-01  1.15470E+00
   161 2.71119E+00  9.75160E-01  9.59484E-01  1.15536E+00
   162 2.72221E+00  9.75045E-01  9.59372E-01  1.15601E+00
   163 2.73322E+00  9.74930E-01  9.59259E-01  1.15666E+00
   164 2.74422E+00  9.74815E-01  9.59145E-01  1.15731E+00
   165 2.75521E+00  9.74700E-01  9.59031E-01  1.15796E+00
   166 2.76619E+00  9.74586E-01  9.58917E-01  1.15860E+00
   167 2.77716E+00  9.74472E-01  9.58802E-01  1.15924E+00
   168 2.78813E+00  9.74359E-01  9.58686E-01  1.15988E+00
   169 2.79908E+00  9.74245E-01  9.58571E-01  1.16052E+00
   170 2.80965E+00  9.74151E-01  9.58431E-01  1.16120E+00
   171 2.82058E+00  9.74038E-01  9.58315E-01  1.16183E+00
   172 2.83150E+00  9.73926E-01  9.58198E-01  1.16245E+00
   173 2.84241E+00  9.73840E-01  9.58071E-01  1.16308E+00
   174 2.85332E+00  9.73727E-01  9.57953E-01  1.16370E+00
   175 2.86421E+00  9.73616E-01  9.57835E-01  1.16433E+00
   176 2.87510E+00  9.73531E-01  9.57712E-01  1.16494E+00
   177 2.88597E+00  9.73419E-01  9.57593E-01  1.16556E+00
   178 2.89684E+00  9.73308E-01  9.57474E-01  1.16618E+00
   179 2.90770E+00  9.73197E-01  9.57355E-01  1.16679E+00
   180 2.91852E+00  9.73106E-01  9.57204E-01  1.16740E+00
   181 2.92936E+00  9.72995E-01  9.57084E-01  1.16801E+00
   182 2.94019E+00  9.72885E-01  9.56965E-01  1.16861E+00
   183 2.95101E+00  9.72798E-01  9.56840E-01  1.16921E+00
   184 2.96182E+00  9.72688E-01  9.56720E-01  1.16982E+00
   185 2.97262E+00  9.72579E-01  9.56599E-01  1.17042E+00
   186 2.98342E+00  9.72469E-01  9.56478E-01  1.17101E+00
   187 2.99420E+00  9.72360E-01  9.56358E-01  1.17161E+00
   188 3.00478E+00  9.72252E-01  9.56228E-01  1.17221E+00
   189 3.01554E+00  9.72144E-01  9.56107E-01  1.17280E+00
   190 3.02629E+00  9.72035E-01  9.55986E-01  1.17339E+00
   191 3.03704E+00  9.71927E-01  9.55864E-01  1.17398E+00
   192 3.04777E+00  9.71819E-01  9.55742E-01  1.17456E+00
   193 3.05850E+00  9.71711E-01  9.55620E-01  1.17515E+00
   194 3.06922E+00  9.71604E-01  9.55498E-01  1.17573E+00
   195 3.07993E+00  9.71497E-01  9.55375E-01  1.17631E+00
   196 3.09062E+00  9.71390E-01  9.55253E-01  1.17689E+00
   197 3.10131E+00  9.71283E-01  9.55130E-01  1.17746E+00
   198 3.11199E+00  9.71177E-01  9.55007E-01  1.17804E+00
   199 3.12266E+00  9.71095E-01  9.54879E-01  1.17861E+00
   200 3.13332E+00  9.70989E-01  9.54756E-01  1.17918E+00
   201 2.51885E+00  9.77711E-01  9.53651E-01  1.17763E+00
   202 2.52977E+00  9.77615E-01  9.53531E-01  1.17804E+00
   203 2.54068E+00  9.77492E-01  9.53417E-01  1.17846E+00
   204 2.55157E+00  9.77378E-01  9.53304E-01  1.17887E+00
   205 2.56245E+00  9.77256E-01  9.53189E-01  1.17929E+00
   206 2.57333E+00  9.77134E-01  9.53075E-01  1.17971E+00
   207 2.58419E+00  9.77013E-01  9.52960E-01  1.18013E+00
   208 2.59504E+00  9.76892E-01  9.52845E-01  1.18055E+00
   209 2.60588E+00  9.76772E-01  9.52729E-01  1.18097E+00
   210 2.61670E+00  9.76675E-01  9.52609E-01  1.18139E+00
   211 2.62752E+00  9.76555E-01  9.52493E-01  1.18182E+00
   212 2.63830E+00  9.76440E-01  9.52375E-01  1.18225E+00
   213 2.64910E+00  9.76321E-01  9.52259E-01  1.18267E+00
   214 2.65988E+00  9.76203E-01  9.52142E-01  1.18310E+00
   215 2.67065E+00  9.76085E-01  9.52025E-01  1.18352E+00
   216 2.68141E+00  9.75968E-01  9.51908E-01  1.18395E+00
   217 2.69216E+00  9.75850E-01  9.51791E-01  1.18437E+00
   218 2.70289E+00  9.75734E-01  9.51674E-01  1.18480E+00
   219 2.71362E+00  9.75617E-01  9.51557E-01  1.18523E+00
   220 2.72433E+00  9.75501E-01  9.51439E-01  1.18565E+00
   221 2.73504E+00  9.75386E-01  9.51321E-01  1.18608E+00
   222 2.74573E+00  9.75271E-01  9.51204E-01  1.18651E+00
   223 2.75641E+00  9.75184E-01  9.51078E-01  1.18693E+00
   224 2.76708E+00  9.75069E-01  9.50959E-01  1.18736E+00
   225 2.77774E+00  9.74955E-01  9.50841E-01  1.18779E+00
   226 2.78839E+00  9.74868E-01  9.50717E-01  1.18821E+00
   227 2.79903E+00  9.74754E-01  9.50598E-01  1.18864E+00
   228 2.80966E+00  9.74641E-01  9.50480E-01  1.18906E+00
   229 2.82027E+00  9.74528E-01  9.50361E-01  1.18949E+00
   230 2.83088E+00  9.74415E-01  9.50242E-01  1.18991E+00
   231 2.84148E+00  9.74327E-01  9.50118E-01  1.19034E+00
   232 2.85206E+00  9.74214E-01  9.49999E-01  1.19076E+00
   233 2.86264E+00  9.74102E-01  9.49880E-01  1.19119E+00
   234 2.87321E+00  9.73990E-01  9.49761E-01  1.19161E+00
   235 2.88376E+00  9.73879E-01  9.49642E-01  1.19203E+00
   236 2.89431E+00  9.73768E-01  9.49523E-01  1.19246E+00
   237 2.90484E+00  9.73657E-01  9.49403E-01  1.19288E+00
   238 2.91537E+00  9.73546E-01  9.49284E-01  1.19330E+00
   239 2.92588E+00  9.73436E-01  9.49165E-01  1.19372E+00
   240 2.93638E+00  9.73326E-01  9.49045E-01  1.19414E+00
   241 2.94688E+00  9.73216E-01  9.48926E-01  1.19456E+00
   242 2.95736E+00  9.73106E-01  9.48806E-01  1.19498E+00
   243 2.96784E+00  9.73014E-01  9.48683E-01  1.19540E+00
   244 2.97830E+00  9.72905E-01  9.48563E-01  1.19582E+00
   245 2.98875E+00  9.72796E-01  9.48443E-01  1.19624E+00
   246 2.99920E+00  9.72688E-01  9.48324E-01  1.19666E+00
   247 3.00963E+00  9.72580E-01  9.48204E-01  1.19708E+00
   248 3.02006E+00  9.72472E-01  9.48085E-01  1.19749E+00
   249 3.03047E+00  9.72364E-01  9.47965E-01  1.19791E+00
   250 3.04088E+00  9.72256E-01  9.47845E-01  1.19833E+00
   251 3.05127E+00  9.72149E-01  9.47726E-01  1.19874E+00
   252 3.06166E+00  9.72042E-01  9.47606E-01  1.19916E+00
   253 3.07204E+00  9.71935E-01  9.47486E-01  1.19957E+00
   254 3.08240E+00  9.71829E-01  9.47367E-01  1.19998E+00
   255 3.09276E+00  9.71737E-01  9.47245E-01  1.20040E+00
   256 3.10311E+00  9.71631E-01  9.47125E-01  1.20081E+00
   257 3.11345E+00  9.71525E-01  9.47006E-01  1.20122E+00
   258 3.12377E+00  9.71419E-01  9.46886E-01  1.20163E+00
   259 3.13391E+00  9.71320E-01  9.46761E-01  1.20205E+00
   260 3.14422E+00  9.71215E-01  9.46641E-01  1.20246E+00
   261 3.15452E+00  9.71110E-01  9.46521E-01  1.20286E+00
   262 3.16481E+00  9.71005E-01  9.46402E-01  1.20327E+00
   263 3.17510E+00  9.70901E-01  9.46283E-01  1.20368E+00
   264 3.18537E+00  9.70797E-01  9.46163E-01  1.20409E+00
   265 3.19563E+00  9.70692E-01  9.46044E-01  1.20449E+00
   266 3.20589E+00  9.70589E-01  9.45925E-01  1.20490E+00
   267 3.21612E+00  9.70510E-01  9.45780E-01  1.20530E+00
   268 3.22636E+00  9.70436E-01  9.45650E-01  1.20571E+00
   269 3.23659E+00  9.70333E-01  9.45531E-01  1.20611E+00
   270 3.24681E+00  9.70229E-01  9.45413E-01  1.20651E+00
   271 3.25702E+00  9.70126E-01  9.45294E-01  1.20692E+00
   272 3.26722E+00  9.70023E-01  9.45175E-01  1.20732E+00
   273 3.27741E+00  9.69945E-01  9.45051E-01  1.20772E+00
   274 3.28760E+00  9.69871E-01  9.44926E-01  1.20812E+00
   275 3.29778E+00  9.69768E-01  9.44807E-01  1.20852E+00
   276 3.30794E+00  9.69666E-01  9.44689E-01  1.20892E+00
   277 3.31809E+00  9.69592E-01  9.44552E-01  1.20932E+00
   278 3.32825E+00  9.69489E-01  9.44434E-01  1.20972E+00
   279 3.33839E+00  9.69387E-01  9.44316E-01  1.21012E+00
   280 3.34852E+00  9.69286E-01  9.44198E-01  1.21052E+00
   281 3.35865E+00  9.69184E-01  9.44080E-01  1.21091E+00
   282 3.36876E+00  9.69083E-01  9.43962E-01  1.21131E+00
   283 3.37887E+00  9.68981E-01  9.43844E-01  1.21171E+00
   284 3.38897E+00  9.68880E-01  9.43726E-01  1.21210E+00
   285 3.39906E+00  9.68780E-01  9.43609E-01  1.21250E+00
   286 3.40915E+00  9.68679E-01  9.43491E-01  1.21289E+00
   287 3.41922E+00  9.68579E-01  9.43373E-01  1.21329E+00
   288 3.42929E+00  9.68479E-01  9.43256E-01  1.21368E+00
   289 3.43934E+00  9.68379E-01  9.43139E-01  1.21407E+00
   290 3.44939E+00  9.68279E-01  9.43021E-01  1.21447E+00
   291 3.45943E+00  9.68179E-01  9.42904E-01  1.21486E+00
   292 3.46893E+00  9.68083E-01  9.42781E-01  1.21525E+00
   293 3.47896E+00  9.67984E-01  9.42664E-01  1.21565E+00
   294 3.48897E+00  9.67885E-01  9.42547E-01  1.21604E+00
   295 3.49898E+00  9.67786E-01  9.42430E-01  1.21643E+00
   296 3.50898E+00  9.67688E-01  9.42314E-01  1.21682E+00
   297 3.51897E+00  9.67589E-01  9.42197E-01  1.21721E+00
   298 3.52895E+00  9.67505E-01  9.42080E-01  1.21760E+00
   299 3.53893E+00  9.67406E-01  9.41964E-01  1.21798E+00
   300 3.54890E+00  9.67308E-01  9.41848E-01  1.21837E+00
   301 3.55866E+00  9.67229E-01  9.41728E-01  1.21878E+00
   302 3.56862E+00  9.67131E-01  9.41613E-01  1.21916E+00
   303 3.57856E+00  9.67034E-01  9.41497E-01  1.21955E+00
   304 3.58850E+00  9.66936E-01  9.41381E-01  1.21994E+00
   305 3.59843E+00  9.66839E-01  9.41266E-01  1.22032E+00
   306 3.60835E+00  9.66742E-01  9.41150E-01  1.22071E+00
   307 3.61826E+00  9.66646E-01  9.41035E-01  1.22110E+00
   308 3.62815E+00  9.66556E-01  9.40919E-01  1.22148E+00
   309 3.63805E+00  9.66488E-01  9.40798E-01  1.22186E+00
   310 3.64794E+00  9.66391E-01  9.40683E-01  1.22225E+00
   311 3.65782E+00  9.66295E-01  9.40568E-01  1.22263E+00
   312 3.66769E+00  9.66199E-01  9.40454E-01  1.22302E+00
   313 3.67756E+00  9.66103E-01  9.40339E-01  1.22340E+00
   314 3.68742E+00  9.66007E-01  9.40224E-01  1.22378E+00
   315 3.69725E+00  9.65934E-01  9.40072E-01  1.22416E+00
   316 3.70710E+00  9.65839E-01  9.39958E-01  1.22455E+00
   317 3.71694E+00  9.65743E-01  9.39844E-01  1.22493E+00
   318 3.72677E+00  9.65648E-01  9.39730E-01  1.22531E+00
   319 3.73656E+00  9.65555E-01  9.39615E-01  1.22569E+00
   320 3.74636E+00  9.65476E-01  9.39452E-01  1.22607E+00
   321 3.75617E+00  9.65381E-01  9.39340E-01  1.22645E+00
   322 3.76597E+00  9.65286E-01  9.39227E-01  1.22683E+00
   323 3.77576E+00  9.65191E-01  9.39115E-01  1.22721E+00
   324 3.78555E+00  9.65097E-01  9.39002E-01  1.22759E+00
   325 3.79533E+00  9.65021E-01  9.38887E-01  1.22796E+00
   326 3.80510E+00  9.64926E-01  9.38775E-01  1.22834E+00
   327 3.81486E+00  9.64832E-01  9.38663E-01  1.22872E+00
   328 3.82462E+00  9.64738E-01  9.38551E-01  1.22910E+00
   329 3.83437E+00  9.64645E-01  9.38439E-01  1.22948E+00
   330 3.84409E+00  9.64557E-01  9.38327E-01  1.22985E+00
   331 3.85383E+00  9.64464E-01  9.38215E-01  1.23023E+00
   332 3.86356E+00  9.64371E-01  9.38103E-01  1.23061E+00
   333 3.87328E+00  9.64277E-01  9.37992E-01  1.23098E+00
   334 3.88300E+00  9.64212E-01  9.37875E-01  1.23136E+00
   335 3.89270E+00  9.64119E-01  9.37764E-01  1.23173E+00
   336 3.90241E+00  9.64027E-01  9.37653E-01  1.23211E+00
   337 3.91210E+00  9.63934E-01  9.37542E-01  1.23248E+00
   338 3.92178E+00  9.63871E-01  9.37415E-01  1.23286E+00
   339 3.93147E+00  9.63779E-01  9.37305E-01  1.23323E+00
   340 3.94114E+00  9.63686E-01  9.37194E-01  1.23360E+00
   341 3.95081E+00  9.63594E-01  9.37084E-01  1.23398E+00
   342 3.96047E+00  9.63502E-01  9.36974E-01  1.23435E+00
   343 3.97012E+00  9.63410E-01  9.36864E-01  1.23472E+00
   344 3.97977E+00  9.63345E-01  9.36748E-01  1.23510E+00
   345 3.98941E+00  9.63253E-01  9.36638E-01  1.23547E+00
   346 3.99905E+00  9.63191E-01  9.36521E-01  1.23584E+00
   347 4.00868E+00  9.63099E-01  9.36412E-01  1.23621E+00
   348 4.01830E+00  9.63008E-01  9.36302E-01  1.23658E+00
   349 4.02791E+00  9.62916E-01  9.36193E-01  1.23696E+00
   350 4.03752E+00  9.62825E-01  9.36084E-01  1.23733E+00
   351 4.04712E+00  9.62734E-01  9.35974E-01  1.23770E+00
   352 4.05672E+00  9.62643E-01  9.35865E-01  1.23807E+00
   353 4.06631E+00  9.62552E-01  9.35756E-01  1.23844E+00
   354 4.07589E+00  9.62462E-01  9.35648E-01  1.23881E+00
   355 4.08547E+00  9.62371E-01  9.35539E-01  1.23918E+00
   356 4.09504E+00  9.62281E-01  9.35430E-01  1.23955E+00
   357 4.10460E+00  9.62191E-01  9.35322E-01  1.23992E+00
   358 4.11416E+00  9.62100E-01  9.35213E-01  1.24029E+00
   359 4.12371E+00  9.62011E-01  9.35105E-01  1.24066E+00
   360 4.13325E+00  9.61921E-01  9.34997E-01  1.24102E+00
   361 4.14279E+00  9.61831E-01  9.34889E-01  1.24139E+00
   362 4.15232E+00  9.61742E-01  9.34781E-01  1.24176E+00
   363 4.16184E+00  9.61664E-01  9.34674E-01  1.24213E+00
   364 4.17136E+00  9.61574E-01  9.34566E-01  1.24250E+00
   365 4.18087E+00  9.61485E-01  9.34458E-01  1.24286E+00
   366 4.19038E+00  9.61396E-01  9.34351E-01  1.24323E+00
   367 4.19988E+00  9.61308E-01  9.34244E-01  1.24360E+00
   368 4.20937E+00  9.61219E-01  9.34136E-01  1.24397E+00
   369 4.21886E+00  9.61130E-01  9.34029E-01  1.24433E+00
   370 4.22835E+00  9.61042E-01  9.33922E-01  1.24470E+00
   371 4.23782E+00  9.60954E-01  9.33815E-01  1.24507E+00
   372 4.24729E+00  9.60865E-01  9.33709E-01  1.24543E+00
   373 4.25676E+00  9.60777E-01  9.33602E-01  1.24580E+00
   374 4.26621E+00  9.60690E-01  9.33496E-01  1.24616E+00
   375 4.27567E+00  9.60602E-01  9.33389E-01  1.24653E+00
   376 4.28511E+00  9.60514E-01  9.33283E-01  1.24689E+00
   377 4.29455E+00  9.60427E-01  9.33177E-01  1.24726E+00
   378 4.30399E+00  9.60339E-01  9.33071E-01  1.24762E+00
   379 4.31342E+00  9.60252E-01  9.32965E-01  1.24799E+00
   380 4.32284E+00  9.60165E-01  9.32859E-01  1.24835E+00
   381 4.33225E+00  9.60089E-01  9.32754E-01  1.24872E+00
   382 4.34166E+00  9.60002E-01  9.32648E-01  1.24908E+00
   383 4.35106E+00  9.59915E-01  9.32543E-01  1.24945E+00
   384 4.36046E+00  9.59828E-01  9.32437E-01  1.24981E+00
   385 4.36986E+00  9.59742E-01  9.32332E-01  1.25017E+00
   386 4.37925E+00  9.59655E-01  9.32227E-01  1.25054E+00
   387 4.38862E+00  9.59581E-01  9.32122E-01  1.25090E+00
   388 4.39800E+00  9.59495E-01  9.32017E-01  1.25126E+00
   389 4.40737E+00  9.59409E-01  9.31913E-01  1.25163E+00
   390 4.41674E+00  9.59323E-01  9.31808E-01  1.25199E+00
   391 4.42610E+00  9.59237E-01  9.31704E-01  1.25235E+00
   392 4.43545E+00  9.59152E-01  9.31599E-01  1.25272E+00
   393 4.44480E+00  9.59066E-01  9.31495E-01  1.25308E+00
   394 4.45375E+00  9.58983E-01  9.31389E-01  1.25338E+00
   395 4.46309E+00  9.58898E-01  9.31285E-01  1.25374E+00
   396 4.47242E+00  9.58844E-01  9.31171E-01  1.25410E+00
   397 4.48175E+00  9.58758E-01  9.31068E-01  1.25446E+00
   398 4.49105E+00  9.58681E-01  9.30963E-01  1.25482E+00
   399 4.50037E+00  9.58620E-01  9.30855E-01  1.25519E+00
   400 4.50968E+00  9.58535E-01  9.30752E-01  1.25555E+00
   401 4.51899E+00  9.58450E-01  9.30649E-01  1.25591E+00
   402 4.52828E+00  9.58365E-01  9.30546E-01  1.25627E+00
   403 4.53758E+00  9.58280E-01  9.30443E-01  1.25663E+00
   404 4.54687E+00  9.58219E-01  9.30335E-01  1.25699E+00
   405 4.55615E+00  9.58159E-01  9.30228E-01  1.25735E+00
   406 4.56543E+00  9.58074E-01  9.30125E-01  1.25771E+00
   407 4.57470E+00  9.58021E-01  9.30014E-01  1.25807E+00
   408 4.58397E+00  9.57936E-01  9.29911E-01  1.25843E+00
   409 4.59323E+00  9.57883E-01  9.29797E-01  1.25879E+00
   410 4.60249E+00  9.57798E-01  9.29695E-01  1.25915E+00
   411 4.61174E+00  9.57713E-01  9.29593E-01  1.25951E+00
   412 4.62081E+00  9.57632E-01  9.29493E-01  1.25989E+00
   413 4.63005E+00  9.57547E-01  9.29392E-01  1.26025E+00
   414 4.63927E+00  9.57490E-01  9.29261E-01  1.26061E+00
   415 4.64850E+00  9.57406E-01  9.29160E-01  1.26097E+00
   416 4.65773E+00  9.57322E-01  9.29058E-01  1.26133E+00
   417 4.66635E+00  9.57243E-01  9.28961E-01  1.26169E+00
   418 4.67556E+00  9.57159E-01  9.28860E-01  1.26205E+00
   419 4.68477E+00  9.57075E-01  9.28759E-01  1.26241E+00
   420 4.69398E+00  9.57015E-01  9.28654E-01  1.26277E+00
   421 4.70318E+00  9.56975E-01  9.28546E-01  1.26313E+00
   422 4.71238E+00  9.56891E-01  9.28446E-01  1.26349E+00
   423 4.72157E+00  9.56807E-01  9.28346E-01  1.26385E+00
   424 4.73075E+00  9.56752E-01  9.28240E-01  1.26421E+00
   425 4.73993E+00  9.56668E-01  9.28140E-01  1.26457E+00
   426 4.74911E+00  9.56584E-01  9.28040E-01  1.26492E+00
   427 4.75828E+00  9.56501E-01  9.27940E-01  1.26528E+00
   428 4.76744E+00  9.56418E-01  9.27840E-01  1.26564E+00
   429 4.77660E+00  9.56335E-01  9.27741E-01  1.26600E+00
   430 4.78575E+00  9.56251E-01  9.27641E-01  1.26636E+00
   431 4.79490E+00  9.56168E-01  9.27542E-01  1.26672E+00
   432 4.80405E+00  9.56086E-01  9.27443E-01  1.26708E+00
   433 4.81319E+00  9.56003E-01  9.27343E-01  1.26743E+00
   434 4.82232E+00  9.55920E-01  9.27244E-01  1.26779E+00
   435 4.83143E+00  9.55886E-01  9.27074E-01  1.26815E+00
   436 4.84055E+00  9.55804E-01  9.26976E-01  1.26851E+00
   437 4.84967E+00  9.55721E-01  9.26878E-01  1.26887E+00
   438 4.85879E+00  9.55638E-01  9.26780E-01  1.26922E+00
   439 4.86790E+00  9.55556E-01  9.26682E-01  1.26958E+00
   440 4.87700E+00  9.55474E-01  9.26585E-01  1.26994E+00
   441 4.88610E+00  9.55422E-01  9.26478E-01  1.27030E+00
   442 4.89520E+00  9.55370E-01  9.26374E-01  1.27066E+00
   443 4.90429E+00  9.55288E-01  9.26276E-01  1.27101E+00
   444 4.91338E+00  9.55205E-01  9.26179E-01  1.27137E+00
   445 4.92246E+00  9.55184E-01  9.26060E-01  1.27173E+00
   446 4.93154E+00  9.55117E-01  9.25963E-01  1.27209E+00
   447 4.94061E+00  9.55074E-01  9.25861E-01  1.27244E+00
   448 4.94967E+00  9.55024E-01  9.25760E-01  1.27280E+00
   449 4.95871E+00  9.54982E-01  9.25622E-01  1.27316E+00
   450 4.96777E+00  9.54899E-01  9.25526E-01  1.27351E+00
   451 4.97682E+00  9.54817E-01  9.25430E-01  1.27387E+00
   452 4.98587E+00  9.54734E-01  9.25334E-01  1.27423E+00
   453 4.99492E+00  9.54652E-01  9.25238E-01  1.27459E+00
   454 5.00396E+00  9.54569E-01  9.25142E-01  1.27494E+00
   455 5.01300E+00  9.54487E-01  9.25046E-01  1.27530E+00
   456 5.02203E+00  9.54405E-01  9.24950E-01  1.27566E+00
   457 5.03105E+00  9.54323E-01  9.24855E-01  1.27601E+00
   458 5.04008E+00  9.54241E-01  9.24759E-01  1.27637E+00
   459 5.04909E+00  9.54160E-01  9.24664E-01  1.27673E+00
   460 5.05811E+00  9.54078E-01  9.24568E-01  1.27708E+00
   461 5.06711E+00  9.53997E-01  9.24473E-01  1.27744E+00
   462 5.07612E+00  9.53915E-01  9.24377E-01  1.27780E+00
   463 5.08512E+00  9.53834E-01  9.24282E-01  1.27816E+00
   464 5.09411E+00  9.53753E-01  9.24187E-01  1.27851E+00
   465 5.10310E+00  9.53672E-01  9.24092E-01  1.27887E+00
   466 5.11209E+00  9.53591E-01  9.23997E-01  1.27923E+00
   467 5.12107E+00  9.53510E-01  9.23902E-01  1.27958E+00
   468 5.13005E+00  9.53429E-01  9.23807E-01  1.27994E+00
   469 5.13902E+00  9.53349E-01  9.23713E-01  1.28030E+00
   470 5.14799E+00  9.53268E-01  9.23618E-01  1.28065E+00
   471 5.15695E+00  9.53188E-01  9.23524E-01  1.28101E+00
   472 5.16591E+00  9.53108E-01  9.23429E-01  1.28137E+00
   473 5.17486E+00  9.53028E-01  9.23335E-01  1.28172E+00
   474 5.18382E+00  9.52948E-01  9.23240E-01  1.28208E+00
   475 5.19276E+00  9.52868E-01  9.23146E-01  1.28244E+00
   476 5.20170E+00  9.52788E-01  9.23052E-01  1.28279E+00
   477 5.21064E+00  9.52708E-01  9.22958E-01  1.28315E+00
   478 5.21957E+00  9.52629E-01  9.22864E-01  1.28351E+00
   479 5.22850E+00  9.52549E-01  9.22770E-01  1.28387E+00
   480 5.23743E+00  9.52470E-01  9.22676E-01  1.28422E+00
   481 5.24635E+00  9.52390E-01  9.22582E-01  1.28458E+00
   482 5.25527E+00  9.52338E-01  9.22483E-01  1.28494E+00
   483 5.26418E+00  9.52259E-01  9.22390E-01  1.28529E+00
   484 5.27309E+00  9.52180E-01  9.22296E-01  1.28565E+00
   485 5.28199E+00  9.52101E-01  9.22203E-01  1.28601E+00
   486 5.29089E+00  9.52022E-01  9.22110E-01  1.28636E+00
   487 5.29979E+00  9.51965E-01  9.22013E-01  1.28672E+00
   488 5.30868E+00  9.51886E-01  9.21920E-01  1.28708E+00
   489 5.31757E+00  9.51807E-01  9.21827E-01  1.28743E+00
   490 5.32645E+00  9.51729E-01  9.21734E-01  1.28779E+00
   491 5.33533E+00  9.51650E-01  9.21641E-01  1.28815E+00
   492 5.34420E+00  9.51572E-01  9.21548E-01  1.28850E+00
   493 5.35307E+00  9.51493E-01  9.21455E-01  1.28886E+00
   494 5.36194E+00  9.51415E-01  9.21362E-01  1.28922E+00
   495 5.37080E+00  9.51337E-01  9.21270E-01  1.28957E+00
   496 5.37966E+00  9.51259E-01  9.21177E-01  1.28993E+00
   497 5.38852E+00  9.51181E-01  9.21085E-01  1.29029E+00
   498 5.39737E+00  9.51103E-01  9.20992E-01  1.29064E+00
   499 5.40621E+00  9.51056E-01  9.20891E-01  1.29100E+00
   500 5.41506E+00  9.50979E-01  9.20799E-01  1.29136E+00
   501 5.42389E+00  9.50901E-01  9.20707E-01  1.29171E+00
   502 5.43273E+00  9.50823E-01  9.20615E-01  1.29207E+00
   503 5.44156E+00  9.50746E-01  9.20523E-01  1.29243E+00
   504 5.45039E+00  9.50668E-01  9.20431E-01  1.29278E+00
   505 5.45921E+00  9.50591E-01  9.20339E-01  1.29314E+00
   506 5.46799E+00  9.50550E-01  9.20226E-01  1.29350E+00
   507 5.47681E+00  9.50473E-01  9.20135E-01  1.29385E+00
   508 5.48562E+00  9.50396E-01  9.20043E-01  1.29421E+00
   509 5.49443E+00  9.50318E-01  9.19952E-01  1.29457E+00
   510 5.50323E+00  9.50270E-01  9.19854E-01  1.29492E+00
   511 5.51203E+00  9.50193E-01  9.19763E-01  1.29528E+00
   512 5.52083E+00  9.50116E-01  9.19672E-01  1.29564E+00
   513 5.52962E+00  9.50039E-01  9.19581E-01  1.29599E+00
   514 5.53841E+00  9.49962E-01  9.19489E-01  1.29635E+00
   515 5.54719E+00  9.49885E-01  9.19398E-01  1.29671E+00
   516 5.55597E+00  9.49808E-01  9.19307E-01  1.29707E+00
   517 5.56474E+00  9.49731E-01  9.19217E-01  1.29742E+00
   518 5.57352E+00  9.49655E-01  9.19126E-01  1.29778E+00
   519 5.58229E+00  9.49578E-01  9.19035E-01  1.29814E+00
   520 5.59105E+00  9.49502E-01  9.18944E-01  1.29849E+00
   521 5.59981E+00  9.49426E-01  9.18854E-01  1.29885E+00
   522 5.60857E+00  9.49349E-01  9.18763E-01  1.29921E+00
   523 5.61732E+00  9.49273E-01  9.18673E-01  1.29957E+00
   524 5.62607E+00  9.49197E-01  9.18582E-01  1.29992E+00
   525 5.63465E+00  9.49124E-01  9.18494E-01  1.30030E+00
   526 5.64339E+00  9.49048E-01  9.18404E-01  1.30065E+00
   527 5.65214E+00  9.49000E-01  9.18308E-01  1.30101E+00
   528 5.66087E+00  9.48924E-01  9.18218E-01  1.30137E+00
   529 5.66960E+00  9.48848E-01  9.18128E-01  1.30173E+00
   530 5.67833E+00  9.48772E-01  9.18038E-01  1.30208E+00
   531 5.68705E+00  9.48697E-01  9.17948E-01  1.30244E+00
   532 5.69577E+00  9.48621E-01  9.17858E-01  1.30280E+00
   533 5.70449E+00  9.48564E-01  9.17767E-01  1.30316E+00
   534 5.71320E+00  9.48489E-01  9.17677E-01  1.30352E+00
   535 5.72191E+00  9.48413E-01  9.17588E-01  1.30387E+00
   536 5.73061E+00  9.48338E-01  9.17498E-01  1.30423E+00
   537 5.73932E+00  9.48263E-01  9.17409E-01  1.30459E+00
   538 5.74746E+00  9.48189E-01  9.17320E-01  1.30486E+00
   539 5.75611E+00  9.48120E-01  9.17229E-01  1.30521E+00
   540 5.76481E+00  9.48080E-01  9.17137E-01  1.30557E+00
   541 5.77349E+00  9.48005E-01  9.17048E-01  1.30593E+00
   542 5.78192E+00  9.47968E-01  9.16819E-01  1.30628E+00
   543 5.79060E+00  9.47894E-01  9.16729E-01  1.30664E+00
   544 5.79927E+00  9.47819E-01  9.16639E-01  1.30700E+00
   545 5.80794E+00  9.47745E-01  9.16549E-01  1.30736E+00
   546 5.81661E+00  9.47671E-01  9.16459E-01  1.30772E+00
   547 5.82527E+00  9.47596E-01  9.16369E-01  1.30807E+00
   548 5.83330E+00  9.47528E-01  9.16284E-01  1.30843E+00
   549 5.84195E+00  9.47454E-01  9.16195E-01  1.30879E+00
   550 5.85058E+00  9.47402E-01  9.16059E-01  1.30914E+00
   551 5.85923E+00  9.47328E-01  9.15970E-01  1.30950E+00
   552 5.86787E+00  9.47254E-01  9.15881E-01  1.30986E+00
   553 5.87651E+00  9.47180E-01  9.15793E-01  1.31022E+00
   554 5.88515E+00  9.47106E-01  9.15704E-01  1.31058E+00
   555 5.89378E+00  9.47033E-01  9.15616E-01  1.31093E+00
   556 5.90241E+00  9.46959E-01  9.15527E-01  1.31129E+00
   557 5.91104E+00  9.46885E-01  9.15439E-01  1.31165E+00
   558 5.91966E+00  9.46812E-01  9.15351E-01  1.31201E+00
   559 5.92828E+00  9.46738E-01  9.15263E-01  1.31237E+00
   560 5.93690E+00  9.46665E-01  9.15175E-01  1.31273E+00
   561 5.94550E+00  9.46620E-01  9.15056E-01  1.31309E+00
   562 5.95412E+00  9.46577E-01  9.14961E-01  1.31344E+00
   563 5.96272E+00  9.46503E-01  9.14873E-01  1.31380E+00
   564 5.97133E+00  9.46429E-01  9.14786E-01  1.31416E+00
   565 5.97993E+00  9.46356E-01  9.14698E-01  1.31452E+00
   566 5.98853E+00  9.46283E-01  9.14611E-01  1.31488E+00
   567 5.99712E+00  9.46209E-01  9.14523E-01  1.31524E+00
   568 6.00571E+00  9.46136E-01  9.14436E-01  1.31560E+00
   569 6.01430E+00  9.46063E-01  9.14349E-01  1.31596E+00
   570 6.02288E+00  9.45990E-01  9.14262E-01  1.31632E+00
   571 6.03146E+00  9.45917E-01  9.14175E-01  1.31668E+00
   572 6.04004E+00  9.45844E-01  9.14088E-01  1.31704E+00
   573 6.04859E+00  9.45781E-01  9.14000E-01  1.31739E+00
   574 6.05716E+00  9.45708E-01  9.13914E-01  1.31775E+00
   575 6.06573E+00  9.45635E-01  9.13827E-01  1.31811E+00
   576 6.07429E+00  9.45563E-01  9.13740E-01  1.31847E+00
   577 6.08286E+00  9.45490E-01  9.13653E-01  1.31883E+00
   578 6.09141E+00  9.45418E-01  9.13567E-01  1.31919E+00
   579 6.09997E+00  9.45345E-01  9.13480E-01  1.31955E+00
   580 6.10853E+00  9.45332E-01  9.13380E-01  1.31991E+00
   581 6.11707E+00  9.45259E-01  9.13293E-01  1.32027E+00
   582 6.12562E+00  9.45186E-01  9.13207E-01  1.32063E+00
   583 6.13414E+00  9.45140E-01  9.13082E-01  1.32099E+00
   584 6.14268E+00  9.45068E-01  9.12996E-01  1.32135E+00
   585 6.15121E+00  9.44995E-01  9.12910E-01  1.32171E+00
   586 6.15975E+00  9.44923E-01  9.12825E-01  1.32207E+00
   587 6.16827E+00  9.44850E-01  9.12739E-01  1.32243E+00
   588 6.17680E+00  9.44778E-01  9.12653E-01  1.32279E+00
   589 6.18532E+00  9.44705E-01  9.12568E-01  1.32315E+00
   590 6.19384E+00  9.44633E-01  9.12482E-01  1.32351E+00
   591 6.20236E+00  9.44561E-01  9.12397E-01  1.32387E+00
   592 6.21087E+00  9.44489E-01  9.12311E-01  1.32423E+00
   593 6.21938E+00  9.44417E-01  9.12226E-01  1.32459E+00
   594 6.22789E+00  9.44407E-01  9.12103E-01  1.32495E+00
   595 6.23639E+00  9.44335E-01  9.12018E-01  1.32531E+00
   596 6.24490E+00  9.44262E-01  9.11933E-01  1.32567E+00
   597 6.25339E+00  9.44190E-01  9.11848E-01  1.32603E+00
   598 6.26189E+00  9.44150E-01  9.11748E-01  1.32639E+00
   599 6.27039E+00  9.44078E-01  9.11663E-01  1.32676E+00
   600 6.27888E+00  9.44006E-01  9.11579E-01  1.32712E+00
   601 6.28736E+00  9.43934E-01  9.11494E-01  1.32748E+00
   602 6.29585E+00  9.43862E-01  9.11409E-01  1.32784E+00
   603 6.30433E+00  9.43790E-01  9.11325E-01  1.32820E+00
   604 6.31280E+00  9.43718E-01  9.11240E-01  1.32856E+00
   605 6.32128E+00  9.43676E-01  9.11149E-01  1.32892E+00
   606 6.32976E+00  9.43625E-01  9.11063E-01  1.32928E+00
   607 6.33823E+00  9.43553E-01  9.10978E-01  1.32965E+00
   608 6.34669E+00  9.43481E-01  9.10894E-01  1.33001E+00
   609 6.35515E+00  9.43409E-01  9.10810E-01  1.33037E+00
   610 6.36361E+00  9.43337E-01  9.10725E-01  1.33073E+00
   611 6.37207E+00  9.43266E-01  9.10641E-01  1.33109E+00
   612 6.38052E+00  9.43194E-01  9.10557E-01  1.33145E+00
   613 6.38892E+00  9.43128E-01  9.10471E-01  1.33181E+00
   614 6.39738E+00  9.43088E-01  9.10375E-01  1.33217E+00
   615 6.40582E+00  9.43017E-01  9.10291E-01  1.33253E+00
   616 6.41426E+00  9.42945E-01  9.10207E-01  1.33290E+00
   617 6.42270E+00  9.42890E-01  9.10123E-01  1.33326E+00
   618 6.43114E+00  9.42819E-01  9.10039E-01  1.33362E+00
   619 6.43957E+00  9.42747E-01  9.09955E-01  1.33398E+00
   620 6.44800E+00  9.42676E-01  9.09872E-01  1.33434E+00
   621 6.45642E+00  9.42605E-01  9.09788E-01  1.33471E+00
   622 6.46485E+00  9.42534E-01  9.09704E-01  1.33507E+00
   623 6.47327E+00  9.42463E-01  9.09621E-01  1.33543E+00
   624 6.48169E+00  9.42392E-01  9.09537E-01  1.33579E+00
   625 6.49010E+00  9.42353E-01  9.09436E-01  1.33616E+00
   626 6.49852E+00  9.42281E-01  9.09353E-01  1.33652E+00
   627 6.50693E+00  9.42225E-01  9.09236E-01  1.33689E+00
   628 6.51533E+00  9.42154E-01  9.09153E-01  1.33725E+00
   629 6.52373E+00  9.42083E-01  9.09070E-01  1.33761E+00
   630 6.53214E+00  9.42012E-01  9.08987E-01  1.33797E+00
   631 6.54053E+00  9.41941E-01  9.08905E-01  1.33834E+00
   632 6.54893E+00  9.41871E-01  9.08822E-01  1.33870E+00
   633 6.55732E+00  9.41800E-01  9.08739E-01  1.33907E+00
   634 6.56571E+00  9.41729E-01  9.08656E-01  1.33943E+00
   635 6.57409E+00  9.41659E-01  9.08573E-01  1.33979E+00
   636 6.58248E+00  9.41589E-01  9.08491E-01  1.34016E+00
   637 6.59086E+00  9.41518E-01  9.08408E-01  1.34052E+00
   638 6.59924E+00  9.41448E-01  9.08325E-01  1.34088E+00
   639 6.60761E+00  9.41378E-01  9.08243E-01  1.34125E+00
   640 6.61598E+00  9.41308E-01  9.08160E-01  1.34161E+00
   641 6.62435E+00  9.41238E-01  9.08077E-01  1.34198E+00
   642 6.63258E+00  9.41198E-01  9.07990E-01  1.34235E+00
   643 6.64094E+00  9.41128E-01  9.07908E-01  1.34272E+00
   644 6.64930E+00  9.41058E-01  9.07825E-01  1.34308E+00
   645 6.65766E+00  9.40988E-01  9.07743E-01  1.34344E+00
   646 6.66602E+00  9.40918E-01  9.07661E-01  1.34381E+00
   647 6.67437E+00  9.40849E-01  9.07578E-01  1.34417E+00
   648 6.68272E+00  9.40779E-01  9.07496E-01  1.34454E+00
   649 6.69107E+00  9.40709E-01  9.07413E-01  1.34490E+00
   650 6.69941E+00  9.40640E-01  9.07331E-01  1.34527E+00
   651 6.70775E+00  9.40570E-01  9.07249E-01  1.34563E+00
   652 6.71609E+00  9.40501E-01  9.07166E-01  1.34600E+00
   653 6.72443E+00  9.40432E-01  9.07084E-01  1.34636E+00
   654 6.73276E+00  9.40363E-01  9.07002E-01  1.34673E+00
   655 6.74166E+00  9.40287E-01  9.06918E-01  1.34692E+00
   656 6.74998E+00  9.40218E-01  9.06836E-01  1.34729E+00
   657 6.75831E+00  9.40149E-01  9.06754E-01  1.34765E+00
   658 6.76664E+00  9.40112E-01  9.06661E-01  1.34802E+00
   659 6.77496E+00  9.40042E-01  9.06579E-01  1.34839E+00
   660 6.78328E+00  9.39973E-01  9.06497E-01  1.34875E+00
   661 6.79160E+00  9.39919E-01  9.06415E-01  1.34912E+00
   662 6.79991E+00  9.39868E-01  9.06332E-01  1.34948E+00
   663 6.80822E+00  9.39799E-01  9.06250E-01  1.34985E+00
   664 6.81653E+00  9.39730E-01  9.06168E-01  1.35021E+00
   665 6.82481E+00  9.39686E-01  9.06042E-01  1.35058E+00
   666 6.83311E+00  9.39617E-01  9.05960E-01  1.35095E+00
   667 6.84141E+00  9.39548E-01  9.05879E-01  1.35131E+00
   668 6.84971E+00  9.39479E-01  9.05798E-01  1.35168E+00
   669 6.85801E+00  9.39410E-01  9.05716E-01  1.35204E+00
   670 6.86630E+00  9.39341E-01  9.05635E-01  1.35241E+00
   671 6.87459E+00  9.39273E-01  9.05554E-01  1.35278E+00
   672 6.88288E+00  9.39204E-01  9.05473E-01  1.35314E+00
   673 6.89116E+00  9.39136E-01  9.05392E-01  1.35351E+00
   674 6.89944E+00  9.39067E-01  9.05310E-01  1.35388E+00
   675 6.90772E+00  9.38999E-01  9.05229E-01  1.35424E+00
   676 6.91600E+00  9.38930E-01  9.05148E-01  1.35461E+00
   677 6.92427E+00  9.38893E-01  9.05046E-01  1.35498E+00
   678 6.93255E+00  9.38824E-01  9.04965E-01  1.35534E+00
   679 6.94082E+00  9.38756E-01  9.04884E-01  1.35571E+00
   680 6.94905E+00  9.38696E-01  9.04802E-01  1.35607E+00
   681 6.95732E+00  9.38627E-01  9.04721E-01  1.35644E+00
   682 6.96558E+00  9.38559E-01  9.04641E-01  1.35681E+00
   683 6.97384E+00  9.38491E-01  9.04560E-01  1.35718E+00
   684 6.98210E+00  9.38423E-01  9.04479E-01  1.35754E+00
   685 6.99036E+00  9.38386E-01  9.04390E-01  1.35791E+00
   686 6.99861E+00  9.38337E-01  9.04308E-01  1.35828E+00
   687 7.00686E+00  9.38269E-01  9.04227E-01  1.35865E+00
   688 7.01444E+00  9.38200E-01  9.04145E-01  1.35891E+00
   689 7.02205E+00  9.38134E-01  9.04066E-01  1.35925E+00
   690 7.03029E+00  9.38066E-01  9.03986E-01  1.35961E+00
   691 7.03853E+00  9.37998E-01  9.03905E-01  1.35998E+00
   692 7.04676E+00  9.37930E-01  9.03824E-01  1.36035E+00
   693 7.05500E+00  9.37863E-01  9.03744E-01  1.36072E+00
   694 7.06323E+00  9.37795E-01  9.03663E-01  1.36109E+00
   695 7.07146E+00  9.37727E-01  9.03583E-01  1.36145E+00
   696 7.07969E+00  9.37659E-01  9.03502E-01  1.36182E+00
   697 7.08791E+00  9.37592E-01  9.03422E-01  1.36219E+00
   698 7.09613E+00  9.37524E-01  9.03341E-01  1.36256E+00
   699 7.10435E+00  9.37457E-01  9.03261E-01  1.36293E+00
   700 7.11257E+00  9.37389E-01  9.03181E-01  1.36330E+00
   701 7.12078E+00  9.37322E-01  9.03100E-01  1.36367E+00
   702 7.12899E+00  9.37254E-01  9.03020E-01  1.36403E+00
   703 7.13717E+00  9.37195E-01  9.02939E-01  1.36440E+00
   704 7.14538E+00  9.37128E-01  9.02858E-01  1.36477E+00
   705 7.15358E+00  9.37060E-01  9.02778E-01  1.36514E+00
   706 7.16179E+00  9.37023E-01  9.02691E-01  1.36550E+00
   707 7.16999E+00  9.36956E-01  9.02610E-01  1.36587E+00
   708 7.17819E+00  9.36889E-01  9.02530E-01  1.36624E+00
   709 7.18638E+00  9.36851E-01  9.02419E-01  1.36661E+00
   710 7.19457E+00  9.36784E-01  9.02339E-01  1.36698E+00
   711 7.20276E+00  9.36717E-01  9.02259E-01  1.36735E+00
   712 7.21096E+00  9.36678E-01  9.02173E-01  1.36772E+00
   713 7.21914E+00  9.36611E-01  9.02093E-01  1.36809E+00
   714 7.22733E+00  9.36544E-01  9.02014E-01  1.36846E+00
   715 7.23551E+00  9.36477E-01  9.01934E-01  1.36883E+00
   716 7.24369E+00  9.36429E-01  9.01815E-01  1.36920E+00
   717 7.25185E+00  9.36390E-01  9.01699E-01  1.36957E+00
   718 7.26002E+00  9.36323E-01  9.01620E-01  1.36994E+00
   719 7.26819E+00  9.36255E-01  9.01541E-01  1.37031E+00
   720 7.27636E+00  9.36188E-01  9.01462E-01  1.37068E+00
   721 7.28453E+00  9.36121E-01  9.01383E-01  1.37105E+00
   722 7.29269E+00  9.36054E-01  9.01304E-01  1.37142E+00
   723 7.30085E+00  9.35987E-01  9.01225E-01  1.37179E+00
   724 7.30901E+00  9.35920E-01  9.01146E-01  1.37217E+00
   725 7.31718E+00  9.35884E-01  9.01057E-01  1.37254E+00
   726 7.32533E+00  9.35817E-01  9.00978E-01  1.37291E+00
   727 7.33349E+00  9.35750E-01  9.00899E-01  1.37328E+00
   728 7.34163E+00  9.35695E-01  9.00820E-01  1.37365E+00
   729 7.34977E+00  9.35628E-01  9.00742E-01  1.37402E+00
   730 7.35792E+00  9.35562E-01  9.00663E-01  1.37439E+00
   731 7.36606E+00  9.35495E-01  9.00584E-01  1.37476E+00
   732 7.37421E+00  9.35428E-01  9.00505E-01  1.37513E+00
   733 7.38235E+00  9.35361E-01  9.00427E-01  1.37550E+00
   734 7.39048E+00  9.35295E-01  9.00348E-01  1.37588E+00
   735 7.39862E+00  9.35228E-01  9.00269E-01  1.37625E+00
   736 7.40675E+00  9.35162E-01  9.00190E-01  1.37662E+00
   737 7.41488E+00  9.35095E-01  9.00112E-01  1.37699E+00
   738 7.42301E+00  9.35029E-01  9.00033E-01  1.37736E+00
   739 7.43113E+00  9.34962E-01  8.99954E-01  1.37774E+00
   740 7.43926E+00  9.34896E-01  8.99876E-01  1.37811E+00
   741 7.44738E+00  9.34830E-01  8.99797E-01  1.37848E+00
   742 7.45550E+00  9.34764E-01  8.99718E-01  1.37885E+00
   743 7.46361E+00  9.34698E-01  8.99640E-01  1.37922E+00
   744 7.47173E+00  9.34632E-01  8.99561E-01  1.37960E+00
   745 7.47984E+00  9.34566E-01  8.99482E-01  1.37997E+00
   746 7.48795E+00  9.34500E-01  8.99404E-01  1.38034E+00
   747 7.49604E+00  9.34446E-01  8.99325E-01  1.38071E+00
   748 7.50415E+00  9.34380E-01  8.99246E-01  1.38109E+00
   749 7.51225E+00  9.34314E-01  8.99168E-01  1.38146E+00
   750 7.52035E+00  9.34248E-01  8.99089E-01  1.38183E+00
   751 7.52844E+00  9.34196E-01  8.99011E-01  1.38220E+00
   752 7.53654E+00  9.34130E-01  8.98932E-01  1.38258E+00
   753 7.54463E+00  9.34064E-01  8.98854E-01  1.38295E+00
   754 7.55272E+00  9.34029E-01  8.98749E-01  1.38332E+00
   755 7.56082E+00  9.33964E-01  8.98671E-01  1.38370E+00
   756 7.56890E+00  9.33898E-01  8.98593E-01  1.38407E+00
   757 7.57699E+00  9.33832E-01  8.98514E-01  1.38444E+00
   758 7.58507E+00  9.33767E-01  8.98436E-01  1.38482E+00
   759 7.59303E+00  9.33703E-01  8.98359E-01  1.38520E+00
   760 7.60111E+00  9.33637E-01  8.98280E-01  1.38557E+00
   761 7.60919E+00  9.33597E-01  8.98199E-01  1.38595E+00
   762 7.61727E+00  9.33532E-01  8.98120E-01  1.38632E+00
   763 7.62534E+00  9.33466E-01  8.98042E-01  1.38670E+00
   764 7.63341E+00  9.33401E-01  8.97964E-01  1.38707E+00
   765 7.64149E+00  9.33360E-01  8.97883E-01  1.38744E+00
   766 7.64956E+00  9.33295E-01  8.97805E-01  1.38782E+00
   767 7.65760E+00  9.33264E-01  8.97722E-01  1.38819E+00
   768 7.66566E+00  9.33199E-01  8.97644E-01  1.38856E+00
   769 7.67372E+00  9.33133E-01  8.97566E-01  1.38894E+00
   770 7.68178E+00  9.33068E-01  8.97488E-01  1.38931E+00
   771 7.68984E+00  9.33002E-01  8.97410E-01  1.38969E+00
   772 7.69789E+00  9.32937E-01  8.97332E-01  1.39006E+00
   773 7.70595E+00  9.32872E-01  8.97254E-01  1.39044E+00
   774 7.71400E+00  9.32807E-01  8.97176E-01  1.39081E+00
   775 7.72205E+00  9.32742E-01  8.97098E-01  1.39119E+00
   776 7.73009E+00  9.32676E-01  8.97020E-01  1.39156E+00
   777 7.73813E+00  9.32611E-01  8.96942E-01  1.39194E+00
   778 7.74618E+00  9.32547E-01  8.96864E-01  1.39231E+00
   779 7.75422E+00  9.32482E-01  8.96787E-01  1.39269E+00
   780 7.76226E+00  9.32460E-01  8.96705E-01  1.39307E+00
   781 7.77027E+00  9.32422E-01  8.96584E-01  1.39344E+00
   782 7.77831E+00  9.32356E-01  8.96507E-01  1.39382E+00
   783 7.78635E+00  9.32318E-01  8.96425E-01  1.39419E+00
   784 7.79437E+00  9.32253E-01  8.96348E-01  1.39457E+00
   785 7.80240E+00  9.32187E-01  8.96271E-01  1.39494E+00
   786 7.81043E+00  9.32122E-01  8.96193E-01  1.39532E+00
   787 7.81845E+00  9.32057E-01  8.96116E-01  1.39570E+00
   788 7.82648E+00  9.32024E-01  8.96022E-01  1.39607E+00
   789 7.83450E+00  9.31959E-01  8.95945E-01  1.39645E+00
   790 7.84252E+00  9.31923E-01  8.95861E-01  1.39683E+00
   791 7.85054E+00  9.31858E-01  8.95784E-01  1.39720E+00
   792 7.85855E+00  9.31793E-01  8.95707E-01  1.39758E+00
   793 7.86656E+00  9.31727E-01  8.95630E-01  1.39796E+00
   794 7.87458E+00  9.31695E-01  8.95538E-01  1.39833E+00
   795 7.88259E+00  9.31629E-01  8.95461E-01  1.39871E+00
   796 7.89059E+00  9.31564E-01  8.95384E-01  1.39909E+00
   797 7.89860E+00  9.31499E-01  8.95307E-01  1.39947E+00
   798 7.90660E+00  9.31434E-01  8.95230E-01  1.39984E+00
   799 7.91460E+00  9.31369E-01  8.95153E-01  1.40022E+00
   800 7.92260E+00  9.31304E-01  8.95076E-01  1.40060E+00
   801 7.93059E+00  9.31239E-01  8.94999E-01  1.40098E+00
   802 7.93858E+00  9.31174E-01  8.94922E-01  1.40135E+00
   803 7.94657E+00  9.31109E-01  8.94845E-01  1.40173E+00
   804 7.95456E+00  9.31045E-01  8.94769E-01  1.40211E+00
   805 7.96255E+00  9.30980E-01  8.94692E-01  1.40249E+00
   806 7.97054E+00  9.30947E-01  8.94596E-01  1.40287E+00
   807 7.97853E+00  9.30921E-01  8.94516E-01  1.40324E+00
   808 7.98651E+00  9.30881E-01  8.94397E-01  1.40362E+00
   809 7.99449E+00  9.30860E-01  8.94316E-01  1.40400E+00
   810 8.00246E+00  9.30808E-01  8.94240E-01  1.40438E+00
   811 8.01044E+00  9.30743E-01  8.94164E-01  1.40476E+00
   812 8.01841E+00  9.30678E-01  8.94088E-01  1.40514E+00
   813 8.02638E+00  9.30612E-01  8.94012E-01  1.40551E+00
   814 8.03433E+00  9.30558E-01  8.93936E-01  1.40589E+00
   815 8.04231E+00  9.30524E-01  8.93851E-01  1.40627E+00
   816 8.05028E+00  9.30490E-01  8.93765E-01  1.40665E+00
   817 8.05825E+00  9.30425E-01  8.93689E-01  1.40703E+00
   818 8.06621E+00  9.30359E-01  8.93613E-01  1.40741E+00
   819 8.07417E+00  9.30294E-01  8.93537E-01  1.40779E+00
   820 8.08213E+00  9.30229E-01  8.93461E-01  1.40817E+00
   821 8.09008E+00  9.30163E-01  8.93385E-01  1.40854E+00
   822 8.09804E+00  9.30098E-01  8.93309E-01  1.40892E+00
   823 8.10600E+00  9.30066E-01  8.93219E-01  1.40930E+00
   824 8.11395E+00  9.30000E-01  8.93144E-01  1.40968E+00
   825 8.12190E+00  9.29935E-01  8.93068E-01  1.41006E+00
   826 8.12984E+00  9.29870E-01  8.92992E-01  1.41044E+00
   827 8.13779E+00  9.29805E-01  8.92916E-01  1.41082E+00
   828 8.14573E+00  9.29740E-01  8.92840E-01  1.41120E+00
   829 8.15367E+00  9.29675E-01  8.92764E-01  1.41158E+00
   830 8.16161E+00  9.29611E-01  8.92688E-01  1.41196E+00
   831 8.16973E+00  9.29539E-01  8.92610E-01  1.41217E+00
   832 8.17767E+00  9.29474E-01  8.92534E-01  1.41255E+00
   833 8.18560E+00  9.29410E-01  8.92458E-01  1.41293E+00
   834 8.19353E+00  9.29345E-01  8.92382E-01  1.41331E+00
   835 8.20146E+00  9.29281E-01  8.92306E-01  1.41369E+00
   836 8.20939E+00  9.29216E-01  8.92230E-01  1.41407E+00
   837 8.21732E+00  9.29152E-01  8.92154E-01  1.41446E+00
   838 8.22524E+00  9.29088E-01  8.92078E-01  1.41484E+00
   839 8.23316E+00  9.29023E-01  8.92002E-01  1.41522E+00
   840 8.24108E+00  9.28959E-01  8.91926E-01  1.41560E+00
   841 8.24900E+00  9.28895E-01  8.91850E-01  1.41598E+00
   842 8.25692E+00  9.28831E-01  8.91775E-01  1.41636E+00
   843 8.26483E+00  9.28767E-01  8.91699E-01  1.41674E+00
   844 8.27214E+00  9.28731E-01  8.91618E-01  1.41707E+00
   845 8.28005E+00  9.28667E-01  8.91542E-01  1.41746E+00
   846 8.28796E+00  9.28626E-01  8.91464E-01  1.41784E+00
   847 8.29587E+00  9.28562E-01  8.91389E-01  1.41822E+00
   848 8.30378E+00  9.28529E-01  8.91290E-01  1.41860E+00
   849 8.31168E+00  9.28465E-01  8.91215E-01  1.41898E+00
   850 8.31883E+00  9.28397E-01  8.91136E-01  1.41924E+00
   851 8.32672E+00  9.28362E-01  8.91024E-01  1.41962E+00
   852 8.33462E+00  9.28298E-01  8.90948E-01  1.42000E+00
   853 8.34251E+00  9.28234E-01  8.90873E-01  1.42038E+00
   854 8.35041E+00  9.28170E-01  8.90797E-01  1.42076E+00
   855 8.35830E+00  9.28106E-01  8.90722E-01  1.42115E+00
   856 8.36619E+00  9.28042E-01  8.90646E-01  1.42153E+00
   857 8.37408E+00  9.27978E-01  8.90571E-01  1.42191E+00
   858 8.38196E+00  9.27945E-01  8.90465E-01  1.42229E+00
   859 8.38985E+00  9.27881E-01  8.90390E-01  1.42267E+00
   860 8.39773E+00  9.27817E-01  8.90314E-01  1.42306E+00
   861 8.40561E+00  9.27753E-01  8.90239E-01  1.42344E+00
   862 8.41349E+00  9.27689E-01  8.90164E-01  1.42382E+00
   863 8.42137E+00  9.27625E-01  8.90089E-01  1.42420E+00
   864 8.42925E+00  9.27561E-01  8.90014E-01  1.42459E+00
   865 8.43712E+00  9.27498E-01  8.89939E-01  1.42497E+00
   866 8.44500E+00  9.27434E-01  8.89863E-01  1.42535E+00
   867 8.45287E+00  9.27371E-01  8.89788E-01  1.42574E+00
   868 8.46074E+00  9.27307E-01  8.89713E-01  1.42612E+00
   869 8.46860E+00  9.27244E-01  8.89638E-01  1.42650E+00
   870 8.47647E+00  9.27180E-01  8.89563E-01  1.42689E+00
   871 8.48433E+00  9.27117E-01  8.89488E-01  1.42727E+00
   872 8.49220E+00  9.27054E-01  8.89413E-01  1.42765E+00
   873 8.50006E+00  9.26991E-01  8.89338E-01  1.42804E+00
   874 8.50791E+00  9.26927E-01  8.89262E-01  1.42842E+00
   875 8.51577E+00  9.26864E-01  8.89187E-01  1.42881E+00
   876 8.52365E+00  9.26864E-01  8.89093E-01  1.42919E+00
   877 8.53139E+00  9.26802E-01  8.89019E-01  1.42958E+00
   878 8.53924E+00  9.26738E-01  8.88944E-01  1.42997E+00
   879 8.54709E+00  9.26675E-01  8.88869E-01  1.43035E+00
   880 8.55494E+00  9.26612E-01  8.88794E-01  1.43073E+00
   881 8.56274E+00  9.26556E-01  8.88718E-01  1.43111E+00
   882 8.57058E+00  9.26493E-01  8.88643E-01  1.43149E+00
   883 8.57842E+00  9.26430E-01  8.88568E-01  1.43188E+00
   884 8.58626E+00  9.26367E-01  8.88493E-01  1.43226E+00
   885 8.59410E+00  9.26304E-01  8.88418E-01  1.43265E+00
   886 8.60194E+00  9.26241E-01  8.88343E-01  1.43303E+00
   887 8.60978E+00  9.26178E-01  8.88269E-01  1.43342E+00
   888 8.61762E+00  9.26144E-01  8.88189E-01  1.43380E+00
   889 8.62545E+00  9.26081E-01  8.88114E-01  1.43419E+00
   890 8.63328E+00  9.26018E-01  8.88039E-01  1.43457E+00
   891 8.64111E+00  9.25974E-01  8.87963E-01  1.43496E+00
   892 8.64894E+00  9.25911E-01  8.87889E-01  1.43534E+00
   893 8.65676E+00  9.25848E-01  8.87814E-01  1.43573E+00
   894 8.66459E+00  9.25785E-01  8.87739E-01  1.43612E+00
   895 8.67241E+00  9.25723E-01  8.87664E-01  1.43650E+00
   896 8.68023E+00  9.25660E-01  8.87589E-01  1.43689E+00
   897 8.68805E+00  9.25619E-01  8.87513E-01  1.43727E+00
   898 8.69587E+00  9.25557E-01  8.87438E-01  1.43766E+00
   899 8.70366E+00  9.25523E-01  8.87322E-01  1.43804E+00
   900 8.71147E+00  9.25475E-01  8.87248E-01  1.43843E+00
   901 8.71928E+00  9.25412E-01  8.87174E-01  1.43882E+00
   902 8.72709E+00  9.25349E-01  8.87099E-01  1.43920E+00
   903 8.73489E+00  9.25313E-01  8.86983E-01  1.43959E+00
   904 8.74269E+00  9.25251E-01  8.86909E-01  1.43998E+00
   905 8.75050E+00  9.25188E-01  8.86835E-01  1.44036E+00
   906 8.75830E+00  9.25125E-01  8.86761E-01  1.44075E+00
   907 8.76610E+00  9.25062E-01  8.86688E-01  1.44114E+00
   908 8.77390E+00  9.24999E-01  8.86614E-01  1.44152E+00
   909 8.78169E+00  9.24937E-01  8.86540E-01  1.44191E+00
   910 8.78949E+00  9.24874E-01  8.86466E-01  1.44230E+00
   911 8.79728E+00  9.24812E-01  8.86392E-01  1.44268E+00
   912 8.80508E+00  9.24749E-01  8.86319E-01  1.44307E+00
   913 8.81287E+00  9.24687E-01  8.86245E-01  1.44346E+00
   914 8.82065E+00  9.24625E-01  8.86171E-01  1.44385E+00
   915 8.82844E+00  9.24594E-01  8.86071E-01  1.44423E+00
   916 8.83623E+00  9.24532E-01  8.85997E-01  1.44462E+00
   917 8.84401E+00  9.24469E-01  8.85923E-01  1.44501E+00
   918 8.85179E+00  9.24407E-01  8.85850E-01  1.44540E+00
   919 8.85957E+00  9.24345E-01  8.85776E-01  1.44578E+00
   920 8.86735E+00  9.24282E-01  8.85702E-01  1.44617E+00
   921 8.87513E+00  9.24220E-01  8.85629E-01  1.44656E+00
   922 8.88291E+00  9.24158E-01  8.85555E-01  1.44695E+00
   923 8.89068E+00  9.24096E-01  8.85481E-01  1.44734E+00
   924 8.89845E+00  9.24034E-01  8.85408E-01  1.44773E+00
   925 8.90622E+00  9.23972E-01  8.85334E-01  1.44811E+00
   926 8.91399E+00  9.23911E-01  8.85260E-01  1.44850E+00
   927 8.92170E+00  9.23855E-01  8.85185E-01  1.44888E+00
   928 8.92947E+00  9.23793E-01  8.85112E-01  1.44927E+00
   929 8.93723E+00  9.23731E-01  8.85038E-01  1.44965E+00
   930 8.94501E+00  9.23701E-01  8.84955E-01  1.45004E+00
   931 8.95277E+00  9.23639E-01  8.84881E-01  1.45043E+00
   932 8.96053E+00  9.23578E-01  8.84808E-01  1.45082E+00
   933 8.96828E+00  9.23516E-01  8.84734E-01  1.45121E+00
   934 8.97604E+00  9.23454E-01  8.84660E-01  1.45160E+00
   935 8.98379E+00  9.23393E-01  8.84587E-01  1.45199E+00
   936 8.99155E+00  9.23331E-01  8.84513E-01  1.45238E+00
   937 8.99930E+00  9.23270E-01  8.84440E-01  1.45277E+00
   938 9.00702E+00  9.23218E-01  8.84366E-01  1.45315E+00
   939 9.01477E+00  9.23157E-01  8.84292E-01  1.45354E+00
   940 9.02252E+00  9.23095E-01  8.84218E-01  1.45393E+00
   941 9.03027E+00  9.23063E-01  8.84139E-01  1.45432E+00
   942 9.03801E+00  9.23002E-01  8.84066E-01  1.45471E+00
   943 9.04575E+00  9.22940E-01  8.83992E-01  1.45510E+00
   944 9.05349E+00  9.22879E-01  8.83919E-01  1.45549E+00
   945 9.06123E+00  9.22817E-01  8.83845E-01  1.45588E+00
   946 9.06897E+00  9.22756E-01  8.83771E-01  1.45627E+00
   947 9.07670E+00  9.22695E-01  8.83698E-01  1.45666E+00
   948 9.08444E+00  9.22634E-01  8.83624E-01  1.45705E+00
   949 9.09217E+00  9.22573E-01  8.83551E-01  1.45745E+00
   950 9.09990E+00  9.22512E-01  8.83477E-01  1.45784E+00
   951 9.10763E+00  9.22451E-01  8.83404E-01  1.45823E+00
   952 9.11537E+00  9.22422E-01  8.83319E-01  1.45862E+00
   953 9.12309E+00  9.22361E-01  8.83245E-01  1.45901E+00
   954 9.13082E+00  9.22300E-01  8.83172E-01  1.45940E+00
   955 9.13854E+00  9.22239E-01  8.83098E-01  1.45979E+00
   956 9.14626E+00  9.22178E-01  8.83025E-01  1.46018E+00
   957 9.15398E+00  9.22117E-01  8.82952E-01  1.46057E+00
   958 9.16170E+00  9.22056E-01  8.82878E-01  1.46097E+00
   959 9.16941E+00  9.21995E-01  8.82805E-01  1.46136E+00
   960 9.17713E+00  9.21934E-01  8.82731E-01  1.46175E+00
   961 9.18484E+00  9.21874E-01  8.82658E-01  1.46214E+00
   962 9.19256E+00  9.21834E-01  8.82583E-01  1.46253E+00
   963 9.20027E+00  9.21773E-01  8.82510E-01  1.46292E+00
   964 9.20798E+00  9.21713E-01  8.82436E-01  1.46332E+00
   965 9.21568E+00  9.21652E-01  8.82363E-01  1.46371E+00
   966 9.22339E+00  9.21591E-01  8.82290E-01  1.46410E+00
   967 9.23109E+00  9.21531E-01  8.82216E-01  1.46449E+00
   968 9.23880E+00  9.21470E-01  8.82143E-01  1.46488E+00
   969 9.24651E+00  9.21441E-01  8.82061E-01  1.46528E+00
   970 9.25421E+00  9.21380E-01  8.81988E-01  1.46567E+00
   971 9.26191E+00  9.21320E-01  8.81915E-01  1.46606E+00
   972 9.26960E+00  9.21259E-01  8.81842E-01  1.46645E+00
   973 9.27730E+00  9.21199E-01  8.81768E-01  1.46685E+00
   974 9.28499E+00  9.21138E-01  8.81695E-01  1.46724E+00
   975 9.29268E+00  9.21095E-01  8.81622E-01  1.46763E+00
   976 9.30037E+00  9.21034E-01  8.81548E-01  1.46802E+00
   977 9.30806E+00  9.20974E-01  8.81475E-01  1.46842E+00
   978 9.31574E+00  9.20914E-01  8.81402E-01  1.46881E+00
   979 9.32343E+00  9.20854E-01  8.81329E-01  1.46920E+00
   980 9.33113E+00  9.20826E-01  8.81238E-01  1.46960E+00
   981 9.33881E+00  9.20766E-01  8.81165E-01  1.46999E+00
   982 9.34649E+00  9.20705E-01  8.81091E-01  1.47038E+00
   983 9.35417E+00  9.20645E-01  8.81018E-01  1.47078E+00
   984 9.36185E+00  9.20585E-01  8.80945E-01  1.47117E+00
   985 9.36952E+00  9.20525E-01  8.80872E-01  1.47156E+00
   986 9.37719E+00  9.20495E-01  8.80764E-01  1.47195E+00
   987 9.38486E+00  9.20435E-01  8.80691E-01  1.47235E+00
   988 9.39254E+00  9.20407E-01  8.80599E-01  1.47274E+00
   989 9.40022E+00  9.20347E-01  8.80526E-01  1.47314E+00
   990 9.40789E+00  9.20286E-01  8.80453E-01  1.47353E+00
   991 9.41555E+00  9.20226E-01  8.80381E-01  1.47392E+00
   992 9.42322E+00  9.20166E-01  8.80308E-01  1.47432E+00
   993 9.43089E+00  9.20105E-01  8.80235E-01  1.47471E+00
   994 9.43845E+00  9.20046E-01  8.80164E-01  1.47511E+00
   995 9.44612E+00  9.20019E-01  8.80075E-01  1.47551E+00
   996 9.45379E+00  9.19959E-01  8.80003E-01  1.47590E+00
   997 9.46145E+00  9.19898E-01  8.79930E-01  1.47630E+00
   998 9.46910E+00  9.19838E-01  8.79858E-01  1.47669E+00
   999 9.47676E+00  9.19778E-01  8.79785E-01  1.47709E+00
  1000 9.48441E+00  9.19718E-01  8.79713E-01  1.47748E+00
  1001 9.49206E+00  9.19687E-01  8.79599E-01  1.47788E+00
  1002 9.49972E+00  9.19656E-01  8.79520E-01  1.47827E+00
  1003 9.50737E+00  9.19595E-01  8.79449E-01  1.47867E+00
  1004 9.51502E+00  9.19535E-01  8.79377E-01  1.47906E+00
  1005 9.52266E+00  9.19474E-01  8.79305E-01  1.47946E+00
  1006 9.52978E+00  9.19500E-01  8.79104E-01  1.47980E+00
  1007 9.53743E+00  9.19440E-01  8.79031E-01  1.48019E+00
  1008 9.54507E+00  9.19380E-01  8.78959E-01  1.48059E+00
  1009 9.55270E+00  9.19320E-01  8.78886E-01  1.48098E+00
  1010 9.56034E+00  9.19260E-01  8.78814E-01  1.48138E+00
  1011 9.56798E+00  9.19200E-01  8.78741E-01  1.48177E+00
  1012 9.57502E+00  9.19140E-01  8.78669E-01  1.48212E+00
  1013 9.58266E+00  9.19081E-01  8.78597E-01  1.48251E+00
  1014 9.59029E+00  9.19021E-01  8.78524E-01  1.48291E+00
  1015 9.59792E+00  9.18961E-01  8.78452E-01  1.48331E+00
  1016 9.60555E+00  9.18902E-01  8.78380E-01  1.48370E+00
  1017 9.61317E+00  9.18842E-01  8.78307E-01  1.48410E+00
  1018 9.62065E+00  9.18824E-01  8.78195E-01  1.48432E+00
  1019 9.62827E+00  9.18780E-01  8.78123E-01  1.48472E+00
  1020 9.63590E+00  9.18752E-01  8.78028E-01  1.48511E+00
  1021 9.64352E+00  9.18692E-01  8.77956E-01  1.48551E+00
  1022 9.65115E+00  9.18632E-01  8.77884E-01  1.48590E+00
  1023 9.65876E+00  9.18572E-01  8.77813E-01  1.48630E+00
  1024 9.66638E+00  9.18512E-01  8.77741E-01  1.48670E+00
  1025 9.67400E+00  9.18452E-01  8.77669E-01  1.48710E+00
  1026 9.68161E+00  9.18392E-01  8.77598E-01  1.48749E+00
  1027 9.68843E+00  9.18328E-01  8.77524E-01  1.48776E+00
  1028 9.69604E+00  9.18269E-01  8.77453E-01  1.48816E+00
  1029 9.70365E+00  9.18209E-01  8.77381E-01  1.48856E+00
  1030 9.71126E+00  9.18149E-01  8.77309E-01  1.48895E+00
  1031 9.71887E+00  9.18090E-01  8.77238E-01  1.48935E+00
  1032 9.72647E+00  9.18030E-01  8.77166E-01  1.48975E+00
  1033 9.73409E+00  9.18003E-01  8.77080E-01  1.49015E+00
  1034 9.74169E+00  9.17944E-01  8.77009E-01  1.49054E+00
  1035 9.74929E+00  9.17884E-01  8.76938E-01  1.49094E+00
  1036 9.75689E+00  9.17824E-01  8.76866E-01  1.49134E+00
  1037 9.76449E+00  9.17765E-01  8.76795E-01  1.49174E+00
  1038 9.77209E+00  9.17705E-01  8.76723E-01  1.49213E+00
  1039 9.77962E+00  9.17651E-01  8.76650E-01  1.49251E+00
  1040 9.78721E+00  9.17591E-01  8.76579E-01  1.49291E+00
  1041 9.79481E+00  9.17552E-01  8.76507E-01  1.49331E+00
  1042 9.80240E+00  9.17493E-01  8.76435E-01  1.49370E+00
  1043 9.80999E+00  9.17433E-01  8.76364E-01  1.49410E+00
  1044 9.81758E+00  9.17374E-01  8.76293E-01  1.49450E+00
  1045 9.82517E+00  9.17315E-01  8.76221E-01  1.49490E+00
  1046 9.83271E+00  9.17264E-01  8.76150E-01  1.49529E+00
  1047 9.84030E+00  9.17205E-01  8.76078E-01  1.49569E+00
  1048 9.84788E+00  9.17146E-01  8.76007E-01  1.49608E+00
  1049 9.85546E+00  9.17087E-01  8.75936E-01  1.49648E+00
  1050 9.86304E+00  9.17027E-01  8.75865E-01  1.49688E+00
  1051 9.87062E+00  9.16968E-01  8.75793E-01  1.49728E+00
  1052 9.87821E+00  9.16941E-01  8.75712E-01  1.49768E+00
  1053 9.88579E+00  9.16882E-01  8.75640E-01  1.49808E+00
  1054 9.89336E+00  9.16823E-01  8.75569E-01  1.49848E+00
  1055 9.90093E+00  9.16764E-01  8.75498E-01  1.49888E+00
  1056 9.90850E+00  9.16705E-01  8.75427E-01  1.49928E+00
  1057 9.91607E+00  9.16646E-01  8.75356E-01  1.49968E+00
  1058 9.92364E+00  9.16587E-01  8.75285E-01  1.50008E+00
  1059 9.93121E+00  9.16528E-01  8.75214E-01  1.50047E+00
  1060 9.93878E+00  9.16469E-01  8.75143E-01  1.50087E+00
  1061 9.94634E+00  9.16410E-01  8.75072E-01  1.50127E+00
  1062 9.95390E+00  9.16351E-01  8.75001E-01  1.50167E+00
  1063 9.96147E+00  9.16293E-01  8.74930E-01  1.50207E+00
  1064 9.96903E+00  9.16234E-01  8.74859E-01  1.50247E+00
  1065 9.97659E+00  9.16175E-01  8.74788E-01  1.50287E+00
  1066 9.98414E+00  9.16117E-01  8.74717E-01  1.50327E+00
  1067 9.99170E+00  9.16058E-01  8.74646E-01  1.50367E+00
  1068 9.99925E+00  9.16000E-01  8.74575E-01  1.50407E+00
  1069 1.00068E+01  9.15973E-01  8.74495E-01  1.50447E+00
  1070 1.00144E+01  9.15914E-01  8.74424E-01  1.50487E+00
  1071 1.00219E+01  9.15885E-01  8.74346E-01  1.50528E+00
  1072 1.00295E+01  9.15826E-01  8.74276E-01  1.50568E+00
  1073 1.00370E+01  9.15776E-01  8.74204E-01  1.50606E+00
  1074 1.00445E+01  9.15717E-01  8.74133E-01  1.50646E+00
  1075 1.00521E+01  9.15659E-01  8.74063E-01  1.50686E+00
  1076 1.00596E+01  9.15632E-01  8.73966E-01  1.50726E+00
  1077 1.00672E+01  9.15573E-01  8.73895E-01  1.50766E+00
  1078 1.00747E+01  9.15536E-01  8.73797E-01  1.50807E+00
  1079 1.00822E+01  9.15477E-01  8.73727E-01  1.50847E+00
  1080 1.00898E+01  9.15418E-01  8.73656E-01  1.50887E+00
  1081 1.00973E+01  9.15359E-01  8.73586E-01  1.50927E+00
  1082 1.01049E+01  9.15300E-01  8.73516E-01  1.50967E+00
  1083 1.01124E+01  9.15241E-01  8.73445E-01  1.51007E+00
  1084 1.01199E+01  9.15183E-01  8.73375E-01  1.51047E+00
  1085 1.01275E+01  9.15124E-01  8.73305E-01  1.51087E+00
  1086 1.01350E+01  9.15066E-01  8.73235E-01  1.51128E+00
  1087 1.01425E+01  9.15020E-01  8.73164E-01  1.51167E+00
  1088 1.01500E+01  9.14962E-01  8.73094E-01  1.51207E+00
  1089 1.01576E+01  9.14903E-01  8.73024E-01  1.51248E+00
  1090 1.01651E+01  9.14845E-01  8.72953E-01  1.51288E+00
  1091 1.01726E+01  9.14786E-01  8.72883E-01  1.51328E+00
  1092 1.01801E+01  9.14728E-01  8.72813E-01  1.51368E+00
  1093 1.01876E+01  9.14670E-01  8.72742E-01  1.51408E+00
  1094 1.01952E+01  9.14612E-01  8.72672E-01  1.51448E+00
  1095 1.02027E+01  9.14586E-01  8.72589E-01  1.51489E+00
  1096 1.02102E+01  9.14527E-01  8.72519E-01  1.51529E+00
  1097 1.02177E+01  9.14469E-01  8.72448E-01  1.51569E+00
  1098 1.02252E+01  9.14411E-01  8.72378E-01  1.51609E+00
  1099 1.02328E+01  9.14353E-01  8.72308E-01  1.51650E+00
  1100 1.02403E+01  9.14295E-01  8.72238E-01  1.51690E+00
  1101 1.02478E+01  9.14237E-01  8.72168E-01  1.51730E+00
  1102 1.02553E+01  9.14209E-01  8.72057E-01  1.51770E+00
  1103 1.02628E+01  9.14151E-01  8.71987E-01  1.51810E+00
  1104 1.02703E+01  9.14092E-01  8.71918E-01  1.51851E+00
  1105 1.02778E+01  9.14034E-01  8.71848E-01  1.51891E+00
  1106 1.02853E+01  9.13976E-01  8.71778E-01  1.51931E+00
  1107 1.02928E+01  9.13930E-01  8.71708E-01  1.51971E+00
  1108 1.03002E+01  9.13873E-01  8.71639E-01  1.52012E+00
  1109 1.03077E+01  9.13829E-01  8.71570E-01  1.52052E+00
  1110 1.03152E+01  9.13770E-01  8.71500E-01  1.52092E+00
  1111 1.03227E+01  9.13712E-01  8.71430E-01  1.52132E+00
  1112 1.03302E+01  9.13654E-01  8.71360E-01  1.52173E+00
  1113 1.03377E+01  9.13596E-01  8.71291E-01  1.52213E+00
  1114 1.03452E+01  9.13565E-01  8.71217E-01  1.52253E+00
  1115 1.03527E+01  9.13507E-01  8.71148E-01  1.52293E+00
  1116 1.03602E+01  9.13449E-01  8.71078E-01  1.52334E+00
  1117 1.03676E+01  9.13391E-01  8.71008E-01  1.52374E+00
  1118 1.03751E+01  9.13358E-01  8.70936E-01  1.52414E+00
  1119 1.03826E+01  9.13300E-01  8.70866E-01  1.52455E+00
  1120 1.03901E+01  9.13242E-01  8.70796E-01  1.52495E+00
  1121 1.03976E+01  9.13211E-01  8.70723E-01  1.52536E+00
  1122 1.04051E+01  9.13185E-01  8.70620E-01  1.52576E+00
  1123 1.04126E+01  9.13127E-01  8.70550E-01  1.52616E+00
  1124 1.04201E+01  9.13069E-01  8.70481E-01  1.52656E+00
  1125 1.04275E+01  9.13011E-01  8.70412E-01  1.52697E+00
  1126 1.04350E+01  9.12953E-01  8.70342E-01  1.52737E+00
  1127 1.04425E+01  9.12894E-01  8.70273E-01  1.52778E+00
  1128 1.04500E+01  9.12837E-01  8.70203E-01  1.52818E+00
  1129 1.04574E+01  9.12779E-01  8.70134E-01  1.52858E+00
  1130 1.04649E+01  9.12730E-01  8.70064E-01  1.52898E+00
  1131 1.04723E+01  9.12672E-01  8.69995E-01  1.52938E+00
  1132 1.04798E+01  9.12615E-01  8.69926E-01  1.52979E+00
  1133 1.04873E+01  9.12581E-01  8.69854E-01  1.53019E+00
  1134 1.04948E+01  9.12543E-01  8.69784E-01  1.53059E+00
  1135 1.05022E+01  9.12485E-01  8.69714E-01  1.53100E+00
  1136 1.05097E+01  9.12427E-01  8.69645E-01  1.53140E+00
  1137 1.05172E+01  9.12397E-01  8.69571E-01  1.53181E+00
  1138 1.05246E+01  9.12371E-01  8.69465E-01  1.53221E+00
  1139 1.05321E+01  9.12312E-01  8.69396E-01  1.53262E+00
  1140 1.05396E+01  9.12254E-01  8.69327E-01  1.53302E+00
  1141 1.05470E+01  9.12196E-01  8.69258E-01  1.53343E+00
  1142 1.05545E+01  9.12138E-01  8.69189E-01  1.53383E+00
  1143 1.05619E+01  9.12080E-01  8.69120E-01  1.53423E+00
  1144 1.05694E+01  9.12022E-01  8.69051E-01  1.53464E+00
  1145 1.05768E+01  9.11964E-01  8.68982E-01  1.53505E+00
  1146 1.05843E+01  9.11906E-01  8.68913E-01  1.53545E+00
  1147 1.05917E+01  9.11849E-01  8.68844E-01  1.53586E+00
  1148 1.05992E+01  9.11821E-01  8.68768E-01  1.53626E+00
  1149 1.06067E+01  9.11763E-01  8.68699E-01  1.53667E+00
  1150 1.06141E+01  9.11706E-01  8.68630E-01  1.53707E+00
  1151 1.06216E+01  9.11648E-01  8.68561E-01  1.53748E+00
  1152 1.06290E+01  9.11590E-01  8.68492E-01  1.53788E+00
  1153 1.06364E+01  9.11532E-01  8.68423E-01  1.53829E+00
  1154 1.06439E+01  9.11475E-01  8.68355E-01  1.53869E+00
  1155 1.06513E+01  9.11443E-01  8.68253E-01  1.53910E+00
  1156 1.06588E+01  9.11418E-01  8.68155E-01  1.53951E+00
  1157 1.06662E+01  9.11360E-01  8.68087E-01  1.53991E+00
  1158 1.06737E+01  9.11302E-01  8.68019E-01  1.54032E+00
  1159 1.06811E+01  9.11268E-01  8.67948E-01  1.54073E+00
  1160 1.06885E+01  9.11210E-01  8.67880E-01  1.54113E+00
  1161 1.06960E+01  9.11152E-01  8.67812E-01  1.54154E+00
  1162 1.07034E+01  9.11138E-01  8.67739E-01  1.54194E+00
  1163 1.07108E+01  9.11098E-01  8.67670E-01  1.54235E+00
  1164 1.07183E+01  9.11040E-01  8.67602E-01  1.54275E+00
  1165 1.07257E+01  9.10982E-01  8.67533E-01  1.54316E+00
  1166 1.07331E+01  9.10938E-01  8.67465E-01  1.54356E+00
  1167 1.07405E+01  9.10880E-01  8.67397E-01  1.54397E+00
  1168 1.07480E+01  9.10822E-01  8.67329E-01  1.54437E+00
  1169 1.07554E+01  9.10764E-01  8.67260E-01  1.54478E+00
  1170 1.07628E+01  9.10739E-01  8.67172E-01  1.54519E+00
  1171 1.07703E+01  9.10681E-01  8.67104E-01  1.54559E+00
  1172 1.07777E+01  9.10656E-01  8.67018E-01  1.54600E+00
  1173 1.07851E+01  9.10598E-01  8.66950E-01  1.54641E+00
  1174 1.07925E+01  9.10551E-01  8.66882E-01  1.54681E+00
  1175 1.07999E+01  9.10493E-01  8.66814E-01  1.54721E+00
  1176 1.08074E+01  9.10467E-01  8.66736E-01  1.54762E+00
  1177 1.08148E+01  9.10409E-01  8.66668E-01  1.54803E+00
  1178 1.08222E+01  9.10350E-01  8.66600E-01  1.54843E+00
  1179 1.08296E+01  9.10292E-01  8.66532E-01  1.54884E+00
  1180 1.08370E+01  9.10234E-01  8.66464E-01  1.54925E+00
  1181 1.08444E+01  9.10208E-01  8.66384E-01  1.54966E+00
  1182 1.08519E+01  9.10150E-01  8.66316E-01  1.55006E+00
  1183 1.08593E+01  9.10092E-01  8.66248E-01  1.55047E+00
  1184 1.08667E+01  9.10034E-01  8.66180E-01  1.55088E+00
  1185 1.08741E+01  9.09976E-01  8.66112E-01  1.55129E+00
  1186 1.08815E+01  9.09918E-01  8.66044E-01  1.55169E+00
  1187 1.08889E+01  9.09860E-01  8.65977E-01  1.55210E+00
  1188 1.08963E+01  9.09802E-01  8.65909E-01  1.55251E+00
  1189 1.09037E+01  9.09745E-01  8.65841E-01  1.55292E+00
  1190 1.09111E+01  9.09687E-01  8.65773E-01  1.55333E+00
  1191 1.09185E+01  9.09629E-01  8.65705E-01  1.55373E+00
  1192 1.09259E+01  9.09572E-01  8.65637E-01  1.55414E+00
  1193 1.09327E+01  9.09547E-01  8.65547E-01  1.55450E+00
  1194 1.09401E+01  9.09489E-01  8.65479E-01  1.55491E+00
  1195 1.09475E+01  9.09432E-01  8.65412E-01  1.55531E+00
  1196 1.09549E+01  9.09407E-01  8.65328E-01  1.55572E+00
  1197 1.09624E+01  9.09401E-01  8.65253E-01  1.55613E+00
  1198 1.09697E+01  9.09343E-01  8.65186E-01  1.55654E+00
  1199 1.09771E+01  9.09285E-01  8.65118E-01  1.55695E+00
  1200 1.09845E+01  9.09227E-01  8.65051E-01  1.55736E+00
