     1 1.00000E+00  1.00000E+00  1.00000E+00  1.00000E+00
     2 1.00015E+00  1.00001E+00  3.50160E+00  9.99215E-01
     3 1.00029E+00  1.00002E+00  6.00566E+00  9.98432E-01
     4 1.00044E+00  1.00004E+00  8.51218E+00  9.97650E-01
     5 1.00058E+00  1.00005E+00  1.10212E+01  9.96870E-01
     6 1.00073E+00  1.00006E+00  1.35326E+01  9.96092E-01
     7 1.00087E+00  1.00007E+00  1.60465E+01  9.95316E-01
     8 1.00101E+00  1.00008E+00  1.85629E+01  9.94541E-01
     9 1.00116E+00  1.00009E+00  2.10817E+01  9.93768E-01
    10 1.00130E+00  1.00010E+00  2.36029E+01  9.92996E-01
    11 1.00144E+00  1.00011E+00  2.61267E+01  9.92227E-01
    12 1.00158E+00  1.00012E+00  2.86528E+01  9.91458E-01
    13 1.00172E+00  1.00013E+00  3.11815E+01  9.90692E-01
    14 1.00187E+00  1.00014E+00  3.37126E+01  9.89927E-01
    15 1.00201E+00  1.00015E+00  3.62461E+01  9.89164E-01
    16 1.00215E+00  1.00016E+00  3.87821E+01  9.88403E-01
    17 1.00229E+00  1.00017E+00  4.13205E+01  9.87643E-01
    18 1.00243E+00  1.00018E+00  4.38614E+01  9.86885E-01
    19 1.00256E+00  1.00019E+00  4.64047E+01  9.86129E-01
    20 1.00270E+00  1.00020E+00  4.89505E+01  9.85374E-01
    21 1.00284E+00  1.00021E+00  5.14987E+01  9.84621E-01
    22 1.00298E+00  1.00021E+00  5.40493E+01  9.83869E-01
    23 1.00311E+00  1.00022E+00  5.66024E+01  9.83119E-01
    24 1.00325E+00  1.00023E+00  5.91579E+01  9.82371E-01
    25 1.00339E+00  1.00023E+00  6.17159E+01  9.81624E-01
    26 1.00352E+00  1.00024E+00  6.42763E+01  9.80879E-01
    27 1.00366E+00  1.00025E+00  6.68391E+01  9.80136E-01
    28 1.00379E+00  1.00025E+00  6.94044E+01  9.79394E-01
    29 1.00393E+00  1.00026E+00  7.19721E+01  9.78654E-01
    30 1.00406E+00  1.00026E+00  7.45423E+01  9.77915E-01
    31 1.00420E+00  1.00027E+00  7.71148E+01  9.77178E-01
    32 1.00433E+00  1.00027E+00  7.96898E+01  9.76443E-01
    33 1.00446E+00  1.00028E+00  8.22673E+01  9.75709E-01
    34 1.00459E+00  1.00028E+00  8.48471E+01  9.74976E-01
    35 1.00473E+00  1.00029E+00  8.74294E+01  9.74246E-01
    36 1.00486E+00  1.00029E+00  9.00141E+01  9.73517E-01
    37 1.00499E+00  1.00029E+00  9.26012E+01  9.72789E-01
    38 1.00512E+00  1.00029E+00  9.51907E+01  9.72063E-01
    39 1.00525E+00  1.00030E+00  9.77827E+01  9.71339E-01
    40 1.00538E+00  1.00030E+00  1.00377E+02  9.70616E-01
    41 1.00551E+00  1.00030E+00  1.02974E+02  9.69895E-01
    42 1.00564E+00  1.00030E+00  1.05573E+02  9.69175E-01
    43 1.00576E+00  1.00030E+00  1.08175E+02  9.68457E-01
    44 1.00589E+00  1.00030E+00  1.10779E+02  9.67740E-01
    45 1.00602E+00  1.00030E+00  1.13385E+02  9.67025E-01
    46 1.00615E+00  1.00030E+00  1.15994E+02  9.66312E-01
    47 1.00627E+00  1.00030E+00  1.18605E+02  9.65600E-01
    48 1.00640E+00  1.00030E+00  1.21219E+02  9.64889E-01
    49 1.00652E+00  1.00030E+00  1.23835E+02  9.64181E-01
    50 1.00665E+00  1.00030E+00  1.26453E+02  9.63473E-01
    51 1.00677E+00  1.00030E+00  1.29074E+02  9.62767E-01
    52 1.00690E+00  1.00029E+00  1.31697E+02  9.62063E-01
    53 1.00702E+00  1.00029E+00  1.34323E+02  9.61360E-01
    54 1.00714E+00  1.00029E+00  1.36951E+02  9.60659E-01
    55 1.00727E+00  1.00029E+00  1.39582E+02  9.59959E-01
    56 1.00739E+00  1.00028E+00  1.42214E+02  9.59261E-01
    57 1.00751E+00  1.00028E+00  1.44850E+02  9.58564E-01
    58 1.00763E+00  1.00027E+00  1.47487E+02  9.57868E-01
    59 1.00775E+00  1.00027E+00  1.50127E+02  9.57175E-01
    60 1.00787E+00  1.00026E+00  1.52769E+02  9.56482E-01
    61 1.00799E+00  1.00025E+00  1.55414E+02  9.55791E-01
    62 1.00811E+00  1.00025E+00  1.58061E+02  9.55102E-01
    63 1.00823E+00  1.00024E+00  1.60711E+02  9.54414E-01
    64 1.00835E+00  1.00023E+00  1.63363E+02  9.53727E-01
    65 1.00847E+00  1.00023E+00  1.66017E+02  9.53042E-01
    66 1.00858E+00  1.00022E+00  1.68673E+02  9.52359E-01
    67 1.00870E+00  1.00021E+00  1.71332E+02  9.51677E-01
    68 1.00882E+00  1.00020E+00  1.73994E+02  9.50996E-01
    69 1.00893E+00  1.00019E+00  1.76657E+02  9.50317E-01
    70 1.00905E+00  1.00018E+00  1.79323E+02  9.49639E-01
    71 1.00916E+00  1.00017E+00  1.81992E+02  9.48963E-01
    72 1.00928E+00  1.00016E+00  1.84663E+02  9.48288E-01
    73 1.00939E+00  1.00015E+00  1.87336E+02  9.47615E-01
    74 1.00950E+00  1.00014E+00  1.90011E+02  9.46943E-01
    75 1.00962E+00  1.00012E+00  1.92689E+02  9.46272E-01
    76 1.00973E+00  1.00011E+00  1.95369E+02  9.45603E-01
    77 1.00984E+00  1.00010E+00  1.98052E+02  9.44935E-01
    78 1.00995E+00  1.00008E+00  2.00737E+02  9.44269E-01
    79 1.01006E+00  1.00007E+00  2.03424E+02  9.43604E-01
    80 1.01017E+00  1.00005E+00  2.06113E+02  9.42941E-01
    81 1.01028E+00  1.00004E+00  2.08805E+02  9.42279E-01
    82 1.01039E+00  1.00002E+00  2.11499E+02  9.41618E-01
    83 1.01050E+00  1.00001E+00  2.14196E+02  9.40959E-01
    84 1.01061E+00  9.99991E-01  2.16895E+02  9.40301E-01
    85 1.01072E+00  9.99973E-01  2.19596E+02  9.39644E-01
    86 1.01082E+00  9.99956E-01  2.22300E+02  9.38989E-01
    87 1.01093E+00  9.99938E-01  2.25005E+02  9.38335E-01
    88 1.01104E+00  9.99919E-01  2.27714E+02  9.37683E-01
    89 1.01114E+00  9.99900E-01  2.30424E+02  9.37032E-01
    90 1.01125E+00  9.99880E-01  2.33137E+02  9.36383E-01
    91 1.01135E+00  9.99860E-01  2.35852E+02  9.35734E-01
    92 1.01146E+00  9.99839E-01  2.38570E+02  9.35087E-01
    93 1.01156E+00  9.99818E-01  2.41289E+02  9.34442E-01
    94 1.01166E+00  9.99796E-01  2.44011E+02  9.33798E-01
    95 1.01177E+00  9.99774E-01  2.46736E+02  9.33155E-01
    96 1.01187E+00  9.99751E-01  2.49462E+02  9.32513E-01
    97 1.01197E+00  9.99728E-01  2.52191E+02  9.31873E-01
    98 1.01207E+00  9.99704E-01  2.54923E+02  9.31234E-01
    99 1.01217E+00  9.99680E-01  2.57656E+02  9.30597E-01
   100 1.01227E+00  9.99655E-01  2.60392E+02  9.29961E-01
   101 1.01237E+00  9.99629E-01  2.63130E+02  9.29326E-01
   102 1.01247E+00  9.99603E-01  2.65871E+02  9.28692E-01
   103 1.01257E+00  9.99577E-01  2.68613E+02  9.28060E-01
   104 1.01267E+00  9.99550E-01  2.71358E+02  9.27429E-01
   105 1.01277E+00  9.99522E-01  2.74106E+02  9.26800E-01
   106 1.01286E+00  9.99494E-01  2.76855E+02  9.26171E-01
   107 1.01296E+00  9.99465E-01  2.79607E+02  9.25545E-01
   108 1.01306E+00  9.99436E-01  2.82361E+02  9.24919E-01
   109 1.01315E+00  9.99406E-01  2.85117E+02  9.24294E-01
   110 1.01325E+00  9.99376E-01  2.87876E+02  9.23671E-01
   111 1.01334E+00  9.99345E-01  2.90637E+02  9.23050E-01
   112 1.01343E+00  9.99313E-01  2.93400E+02  9.22429E-01
   113 1.01353E+00  9.99281E-01  2.96166E+02  9.21810E-01
   114 1.01362E+00  9.99249E-01  2.98933E+02  9.21192E-01
   115 1.01371E+00  9.99215E-01  3.01703E+02  9.20575E-01
   116 1.01380E+00  9.99181E-01  3.04475E+02  9.19960E-01
   117 1.01390E+00  9.99147E-01  3.07250E+02  9.19345E-01
   118 1.01399E+00  9.99112E-01  3.10027E+02  9.18732E-01
   119 1.01408E+00  9.99077E-01  3.12805E+02  9.18121E-01
   120 1.01417E+00  9.99041E-01  3.15587E+02  9.17510E-01
   121 1.01426E+00  9.99004E-01  3.18370E+02  9.16901E-01
   122 1.01434E+00  9.98967E-01  3.21156E+02  9.16293E-01
   123 1.01443E+00  9.98929E-01  3.23944E+02  9.15686E-01
   124 1.01452E+00  9.98890E-01  3.26734E+02  9.15081E-01
   125 1.01461E+00  9.98851E-01  3.29526E+02  9.14477E-01
   126 1.01469E+00  9.98812E-01  3.32321E+02  9.13874E-01
   127 1.01478E+00  9.98771E-01  3.35117E+02  9.13272E-01
   128 1.01486E+00  9.98731E-01  3.37916E+02  9.12671E-01
   129 1.01495E+00  9.98689E-01  3.40718E+02  9.12072E-01
   130 1.01503E+00  9.98647E-01  3.43521E+02  9.11473E-01
   131 1.01512E+00  9.98605E-01  3.46327E+02  9.10876E-01
   132 1.01520E+00  9.98561E-01  3.49135E+02  9.10280E-01
   133 1.01528E+00  9.98518E-01  3.51945E+02  9.09686E-01
   134 1.01536E+00  9.98473E-01  3.54757E+02  9.09092E-01
   135 1.01545E+00  9.98428E-01  3.57571E+02  9.08500E-01
   136 1.01553E+00  9.98383E-01  3.60388E+02  9.07909E-01
   137 1.01561E+00  9.98336E-01  3.63207E+02  9.07319E-01
   138 1.01569E+00  9.98289E-01  3.66028E+02  9.06730E-01
   139 1.01577E+00  9.98242E-01  3.68851E+02  9.06142E-01
   140 1.01585E+00  9.98194E-01  3.71677E+02  9.05556E-01
   141 1.01592E+00  9.98145E-01  3.74504E+02  9.04970E-01
   142 1.01600E+00  9.98096E-01  3.77334E+02  9.04386E-01
   143 1.01608E+00  9.98046E-01  3.80166E+02  9.03803E-01
   144 1.01616E+00  9.97996E-01  3.83000E+02  9.03221E-01
   145 1.01623E+00  9.97945E-01  3.85837E+02  9.02640E-01
   146 1.01631E+00  9.97893E-01  3.88675E+02  9.02060E-01
   147 1.01638E+00  9.97840E-01  3.91516E+02  9.01482E-01
   148 1.01646E+00  9.97787E-01  3.94359E+02  9.00904E-01
   149 1.01653E+00  9.97734E-01  3.97204E+02  9.00328E-01
   150 1.01660E+00  9.97680E-01  4.00051E+02  8.99752E-01
   151 1.01668E+00  9.97625E-01  4.02901E+02  8.99178E-01
   152 1.01675E+00  9.97569E-01  4.05752E+02  8.98605E-01
   153 1.01682E+00  9.97513E-01  4.08606E+02  8.98032E-01
   154 1.01689E+00  9.97457E-01  4.11462E+02  8.97461E-01
   155 1.01696E+00  9.97400E-01  4.14320E+02  8.96891E-01
   156 1.01703E+00  9.97342E-01  4.17180E+02  8.96322E-01
   157 1.01710E+00  9.97283E-01  4.20042E+02  8.95754E-01
   158 1.01717E+00  9.97224E-01  4.22907E+02  8.95187E-01
   159 1.01724E+00  9.97164E-01  4.25774E+02  8.94621E-01
   160 1.01731E+00  9.97104E-01  4.28642E+02  8.94056E-01
   161 1.01738E+00  9.97043E-01  4.31513E+02  8.93492E-01
   162 1.01744E+00  9.96982E-01  4.34387E+02  8.92929E-01
   163 1.01751E+00  9.96920E-01  4.37262E+02  8.92367E-01
   164 1.01758E+00  9.96857E-01  4.40139E+02  8.91806E-01
   165 1.01764E+00  9.96794E-01  4.43019E+02  8.91246E-01
   166 1.01771E+00  9.96730E-01  4.45901E+02  8.90686E-01
   167 1.01777E+00  9.96665E-01  4.48784E+02  8.90128E-01
   168 1.01784E+00  9.96600E-01  4.51670E+02  8.89571E-01
   169 1.01790E+00  9.96535E-01  4.54559E+02  8.89014E-01
   170 1.01796E+00  9.96468E-01  4.57449E+02  8.88458E-01
   171 1.01802E+00  9.96402E-01  4.60341E+02  8.87903E-01
   172 1.01809E+00  9.96334E-01  4.63236E+02  8.87349E-01
   173 1.01815E+00  9.96267E-01  4.66133E+02  8.86796E-01
   174 1.01821E+00  9.96198E-01  4.69032E+02  8.86243E-01
   175 1.01827E+00  9.96129E-01  4.71933E+02  8.85691E-01
   176 1.01833E+00  9.96060E-01  4.74836E+02  8.85140E-01
   177 1.01839E+00  9.95990E-01  4.77741E+02  8.84589E-01
   178 1.01845E+00  9.95920E-01  4.80649E+02  8.84039E-01
   179 1.01851E+00  9.95849E-01  4.83559E+02  8.83490E-01
   180 1.01856E+00  9.95778E-01  4.86471E+02  8.82940E-01
